2006.10.04,00:00,1.24530,1.25430,1.24480,1.24820,5565
2006.10.05,00:00,1.24830,1.25460,1.24770,1.25220,4898
2006.10.06,00:00,1.25200,1.26320,1.24930,1.26000,5175
2006.10.09,00:00,1.26120,1.26200,1.25900,1.26190,3099
2006.10.10,00:00,1.26180,1.27170,1.25990,1.27080,5454
2006.10.11,00:00,1.27100,1.27430,1.26870,1.27180,5059
2006.10.12,00:00,1.27170,1.27310,1.26750,1.26800,5000
2006.10.13,00:00,1.26790,1.27680,1.26650,1.27270,4734
2006.10.16,00:00,1.27380,1.27520,1.26920,1.27000,4576
2006.10.17,00:00,1.27010,1.27090,1.26380,1.26890,5478
2006.10.18,00:00,1.26870,1.27390,1.26560,1.26990,4903
2006.10.19,00:00,1.26960,1.27020,1.25480,1.25740,5380
2006.10.20,00:00,1.25750,1.26010,1.25550,1.25950,3599
2006.10.23,00:00,1.25790,1.26870,1.25770,1.26670,3618
2006.10.24,00:00,1.26680,1.27040,1.26410,1.26670,3473
2006.10.25,00:00,1.26660,1.26730,1.26220,1.26420,4310
2006.10.26,00:00,1.26410,1.26460,1.25210,1.25420,4577
2006.10.27,00:00,1.25410,1.25700,1.24670,1.24860,4079
2006.10.30,00:00,1.24900,1.25080,1.24700,1.24910,3268
2006.10.31,00:00,1.24920,1.25280,1.24130,1.24370,3945
2006.11.01,00:00,1.24390,1.24600,1.24050,1.24530,4267
2006.11.02,00:00,1.24520,1.24770,1.24300,1.24490,3752
2006.11.03,00:00,1.24480,1.25690,1.24460,1.25340,3569
2006.11.06,00:00,1.25350,1.25780,1.25260,1.25420,2674
2006.11.07,00:00,1.25430,1.25520,1.24370,1.24810,4389
2006.11.08,00:00,1.24820,1.25230,1.24500,1.25100,3796
2006.11.09,00:00,1.25110,1.25190,1.24010,1.24140,4296
2006.11.10,00:00,1.24150,1.24220,1.23440,1.24160,5256
2006.11.13,00:00,1.23870,1.24580,1.23570,1.24440,3830
2006.11.14,00:00,1.24450,1.24700,1.23840,1.24370,4785
2006.11.15,00:00,1.24360,1.25210,1.24300,1.24520,4104
2006.11.16,00:00,1.24510,1.24920,1.24410,1.24740,3626
2006.11.17,00:00,1.24720,1.25360,1.24200,1.24370,4363
2006.11.20,00:00,1.24360,1.24470,1.23950,1.24360,2971
2006.11.21,00:00,1.24380,1.24500,1.23950,1.24020,2714
2006.11.22,00:00,1.24030,1.24100,1.22540,1.22620,12602
2006.11.23,00:00,1.22630,1.22790,1.22060,1.22380,2971
2006.11.24,00:00,1.22370,1.22410,1.20720,1.20920,3764
2006.11.27,00:00,1.20330,1.21090,1.20300,1.20630,4386
2006.11.28,00:00,1.20640,1.20920,1.20140,1.20280,5231
2006.11.29,00:00,1.20290,1.21150,1.20110,1.20960,5379
2006.11.30,00:00,1.20940,1.21040,1.19560,1.19810,6581
2006.12.01,00:00,1.19820,1.20070,1.18980,1.19300,6055
2006.12.04,00:00,1.19060,1.19880,1.19030,1.19290,5590
2006.12.05,00:00,1.19300,1.19650,1.18790,1.19220,4361
2006.12.06,00:00,1.19210,1.19870,1.19060,1.19610,3979
2006.12.07,00:00,1.19620,1.19660,1.19150,1.19510,4494
2006.12.08,00:00,1.19520,1.20580,1.18810,1.20520,5035
2006.12.11,00:00,1.20590,1.20970,1.19980,1.20110,4289
2006.12.12,00:00,1.20130,1.20540,1.19830,1.19930,4115
2006.12.13,00:00,1.19920,1.20810,1.19890,1.20610,3056
2006.12.14,00:00,1.20620,1.21590,1.20260,1.21340,3746
2006.12.15,00:00,1.21350,1.22300,1.21150,1.22120,5075
2006.12.18,00:00,1.22140,1.22680,1.21850,1.22220,3084
2006.12.19,00:00,1.22230,1.22290,1.21150,1.21380,3918
2006.12.20,00:00,1.21370,1.21920,1.21110,1.21740,3295
2006.12.21,00:00,1.21730,1.22030,1.21380,1.21620,3897
2006.12.22,00:00,1.21630,1.22240,1.21150,1.21990,3611
2006.12.25,00:00,1.22030,1.22040,1.21990,1.22020,24
2006.12.26,00:00,1.21910,1.22310,1.21800,1.22280,1080
2006.12.27,00:00,1.22270,1.22640,1.21580,1.22460,3592
2006.12.28,00:00,1.22490,1.22670,1.21640,1.22140,4364
2006.12.29,00:00,1.22130,1.22230,1.21770,1.21850,3775
2007.01.02,00:00,1.21460,1.21470,1.21110,1.21290,2124
2007.01.03,00:00,1.21280,1.22950,1.21200,1.22540,4695
2007.01.04,00:00,1.22520,1.23320,1.22390,1.23190,5360
2007.01.05,00:00,1.23220,1.23940,1.22710,1.23580,5771
2007.01.08,00:00,1.23510,1.24120,1.23310,1.23560,4092
2007.01.09,00:00,1.23580,1.24300,1.23370,1.24150,5123
2007.01.10,00:00,1.24160,1.24770,1.24010,1.24590,5317
2007.01.11,00:00,1.24580,1.25060,1.24100,1.24920,6298
2007.01.12,00:00,1.24910,1.25280,1.24450,1.24710,5105
2007.01.15,00:00,1.24740,1.24960,1.24430,1.24850,2710
2007.01.16,00:00,1.24860,1.24970,1.24160,1.24840,4655
2007.01.17,00:00,1.24850,1.25130,1.24520,1.24690,4237
2007.01.18,00:00,1.24700,1.25460,1.24300,1.24680,5820
2007.01.19,00:00,1.24670,1.25290,1.24490,1.24790,4366
2007.01.22,00:00,1.24810,1.25250,1.24690,1.24980,3240
2007.01.23,00:00,1.24970,1.25150,1.23740,1.24270,5107
2007.01.24,00:00,1.24300,1.24960,1.24110,1.24790,6232
2007.01.25,00:00,1.24800,1.24960,1.24220,1.24890,5640
2007.01.26,00:00,1.24910,1.25630,1.24750,1.25350,5543
2007.01.29,00:00,1.25270,1.25590,1.25100,1.25250,3982
2007.01.30,00:00,1.25270,1.25420,1.24980,1.25150,4833
2007.01.31,00:00,1.25160,1.25710,1.24270,1.24440,5766
2007.02.01,00:00,1.24430,1.24580,1.23880,1.24340,5435
2007.02.02,00:00,1.24350,1.24940,1.23820,1.24800,4851
2007.02.05,00:00,1.24840,1.25170,1.24670,1.24830,3989
2007.02.06,00:00,1.24840,1.24960,1.23860,1.23960,3945
2007.02.07,00:00,1.23940,1.24220,1.23780,1.24070,4005
2007.02.08,00:00,1.24080,1.25100,1.23990,1.24590,4599
2007.02.09,00:00,1.24580,1.25190,1.24550,1.24740,3524
2007.02.12,00:00,1.24690,1.25510,1.24580,1.25350,3411
2007.02.13,00:00,1.25360,1.25370,1.24410,1.24690,4119
2007.02.14,00:00,1.24700,1.24750,1.23670,1.23920,5144
2007.02.15,00:00,1.23930,1.24050,1.23310,1.23470,5931
2007.02.16,00:00,1.23460,1.23820,1.23330,1.23480,4443
2007.02.19,00:00,1.23170,1.23510,1.23150,1.23300,2456
2007.02.20,00:00,1.23290,1.23920,1.23090,1.23620,3911
2007.02.21,00:00,1.23640,1.24120,1.23380,1.23730,5129
2007.02.22,00:00,1.23740,1.24360,1.23690,1.23830,4321
2007.02.23,00:00,1.23820,1.24090,1.22940,1.23230,3312
2007.02.26,00:00,1.23150,1.23310,1.22860,1.22960,3880
2007.02.27,00:00,1.22980,1.23040,1.21420,1.21700,7657
2007.02.28,00:00,1.21720,1.22420,1.21700,1.21890,8700
2007.03.01,00:00,1.21880,1.22350,1.21460,1.22240,6947
2007.03.02,00:00,1.22230,1.22600,1.21440,1.21630,5462
2007.03.05,00:00,1.21560,1.22420,1.21070,1.22080,9405
2007.03.06,00:00,1.22090,1.22540,1.21920,1.22320,8294
2007.03.07,00:00,1.22330,1.22470,1.21630,1.21630,7165
2007.03.08,00:00,1.21620,1.22940,1.21570,1.22730,7667
2007.03.09,00:00,1.22720,1.23540,1.22550,1.23420,7890
2007.03.12,00:00,1.23440,1.23500,1.22340,1.22440,7382
2007.03.13,00:00,1.22450,1.22590,1.21660,1.21730,8759
2007.03.14,00:00,1.21740,1.21980,1.21020,1.21820,9719
2007.03.15,00:00,1.21810,1.22140,1.21330,1.21670,9072
2007.03.16,00:00,1.21680,1.21690,1.20290,1.20690,10228
2007.03.19,00:00,1.20570,1.21450,1.20500,1.21140,6016
2007.03.20,00:00,1.21130,1.21600,1.21060,1.21170,6948
2007.03.21,00:00,1.21180,1.21660,1.20830,1.20880,5602
2007.03.22,00:00,1.20870,1.21810,1.20750,1.21440,7198
2007.03.23,00:00,1.21430,1.21910,1.21110,1.21880,6540
2007.03.26,00:00,1.21870,1.22270,1.21170,1.21540,6977
2007.03.27,00:00,1.21530,1.21670,1.21040,1.21120,5901
2007.03.28,00:00,1.21130,1.21790,1.20820,1.21640,7071
2007.03.29,00:00,1.21630,1.21850,1.21340,1.21780,5765
2007.03.30,00:00,1.21770,1.22390,1.20870,1.21530,8274
2007.04.02,00:00,1.21310,1.21730,1.21170,1.21500,5687
2007.04.03,00:00,1.21490,1.22310,1.21440,1.22240,5890
2007.04.04,00:00,1.22230,1.22310,1.21720,1.22000,6169
2007.04.05,00:00,1.21980,1.22110,1.21220,1.21490,5208
2007.04.06,00:00,1.21470,1.22270,1.21470,1.22180,3147
2007.04.09,00:00,1.22200,1.22820,1.22170,1.22620,3284
2007.04.10,00:00,1.22610,1.22690,1.21420,1.21750,5682
2007.04.11,00:00,1.21740,1.22240,1.21640,1.22020,6061
2007.04.12,00:00,1.22030,1.22420,1.21310,1.21630,6850
2007.04.13,00:00,1.21620,1.21880,1.20660,1.21450,8563
2007.04.16,00:00,1.21260,1.21500,1.21130,1.21460,5076
2007.04.17,00:00,1.21450,1.21490,1.20660,1.20790,6652
2007.04.18,00:00,1.20800,1.20900,1.20240,1.20330,4591
2007.04.19,00:00,1.20340,1.20640,1.20010,1.20520,7127
2007.04.20,00:00,1.20510,1.20890,1.20360,1.20830,4603
2007.04.23,00:00,1.20670,1.21260,1.20560,1.20910,5192
2007.04.24,00:00,1.20920,1.21040,1.20060,1.20110,7392
2007.04.25,00:00,1.20120,1.20570,1.19930,1.20410,7288
2007.04.26,00:00,1.20400,1.20980,1.20290,1.20890,7607
2007.04.27,00:00,1.20880,1.21040,1.20050,1.20540,5731
2007.04.30,00:00,1.20430,1.21010,1.20300,1.20730,6635
2007.05.01,00:00,1.20720,1.21620,1.20500,1.21360,6515
2007.05.02,00:00,1.21370,1.21880,1.21150,1.21460,7069
2007.05.03,00:00,1.21440,1.21690,1.20920,1.21580,5369
2007.05.04,00:00,1.21570,1.21650,1.20980,1.21150,5604
2007.05.07,00:00,1.21040,1.21160,1.20790,1.21150,3331
2007.05.08,00:00,1.21140,1.21940,1.21030,1.21810,5623
2007.05.09,00:00,1.21800,1.21920,1.21400,1.21870,4836
2007.05.10,00:00,1.21860,1.22230,1.21570,1.21960,7180
2007.05.11,00:00,1.21950,1.22130,1.21660,1.21880,5909
2007.05.14,00:00,1.21790,1.22060,1.21670,1.21890,3769
2007.05.15,00:00,1.21880,1.22020,1.21250,1.21470,5199
2007.05.16,00:00,1.21480,1.22460,1.21370,1.22310,5928
2007.05.17,00:00,1.22300,1.22810,1.21940,1.22690,5218
2007.05.18,00:00,1.22700,1.22800,1.22430,1.22710,5128
2007.05.21,00:00,1.22780,1.23310,1.22680,1.22980,4954
2007.05.22,00:00,1.22970,1.23280,1.22810,1.22940,4541
2007.05.23,00:00,1.22930,1.23100,1.22390,1.22750,6198
2007.05.24,00:00,1.22740,1.23130,1.22640,1.22720,5707
2007.05.25,00:00,1.22730,1.22930,1.22540,1.22810,5687
2007.05.28,00:00,1.22820,1.22890,1.22640,1.22870,2274
2007.05.29,00:00,1.22880,1.23060,1.21990,1.22510,6059
2007.05.30,00:00,1.22490,1.22770,1.22350,1.22530,5964
2007.05.31,00:00,1.22540,1.22700,1.22300,1.22500,6290
2007.06.01,00:00,1.22510,1.23270,1.22460,1.22960,6435
2007.06.04,00:00,1.22950,1.23060,1.22150,1.22320,4706
2007.06.05,00:00,1.22310,1.22410,1.21610,1.21820,5631
2007.06.06,00:00,1.21800,1.21880,1.21460,1.21660,5663
2007.06.07,00:00,1.21670,1.22660,1.21610,1.22430,6991
2007.06.08,00:00,1.22440,1.23650,1.22380,1.23500,5226
2007.06.11,00:00,1.23560,1.24000,1.23530,1.23790,5235
2007.06.12,00:00,1.23780,1.24300,1.23720,1.24180,5699
2007.06.13,00:00,1.24170,1.24680,1.24160,1.24410,6411
2007.06.14,00:00,1.24430,1.24670,1.24320,1.24610,5370
2007.06.15,00:00,1.24620,1.24650,1.24100,1.24110,5460
2007.06.18,00:00,1.24200,1.24230,1.23870,1.24180,4265
2007.06.19,00:00,1.24190,1.24260,1.23900,1.24060,5344
2007.06.20,00:00,1.24050,1.24070,1.23540,1.23760,6041
2007.06.21,00:00,1.23770,1.24260,1.23760,1.24160,5768
2007.06.22,00:00,1.24150,1.24210,1.22840,1.22920,7257
2007.06.25,00:00,1.22850,1.23110,1.22700,1.22850,3796
2007.06.26,00:00,1.22840,1.23070,1.22590,1.22750,5984
2007.06.27,00:00,1.22760,1.23030,1.22730,1.22900,6300
2007.06.28,00:00,1.22910,1.23380,1.22660,1.23090,5130
2007.06.29,00:00,1.23080,1.23320,1.22080,1.22140,6150
2007.07.02,00:00,1.22120,1.22250,1.20940,1.20940,4669
2007.07.03,00:00,1.20950,1.21760,1.20890,1.21560,4533
2007.07.04,00:00,1.21550,1.21710,1.21440,1.21680,2352
2007.07.05,00:00,1.21690,1.21980,1.21010,1.21780,5463
2007.07.06,00:00,1.21770,1.22320,1.21600,1.21790,5283
2007.07.09,00:00,1.21750,1.21910,1.21530,1.21620,4389
2007.07.10,00:00,1.21640,1.21930,1.19980,1.20030,7105
2007.07.11,00:00,1.20050,1.20670,1.19920,1.20560,5783
2007.07.12,00:00,1.20550,1.20570,1.20040,1.20260,5236
2007.07.13,00:00,1.20240,1.20540,1.19840,1.20250,5284
2007.07.16,00:00,1.20230,1.20370,1.19920,1.20330,5083
2007.07.17,00:00,1.20320,1.20370,1.19720,1.20170,6199
2007.07.18,00:00,1.20180,1.20490,1.19600,1.20040,7930
2007.07.19,00:00,1.20030,1.20510,1.19860,1.20350,4822
2007.07.20,00:00,1.20370,1.20650,1.19800,1.20080,4852
2007.07.23,00:00,1.20070,1.20780,1.19810,1.20590,5839
2007.07.24,00:00,1.20610,1.20730,1.20110,1.20240,5938
2007.07.25,00:00,1.20220,1.21630,1.20220,1.21310,6424
2007.07.26,00:00,1.21320,1.21490,1.20200,1.20290,9616
2007.07.27,00:00,1.20340,1.21310,1.20240,1.20830,10321
2007.07.30,00:00,1.20840,1.20990,1.20050,1.20300,6166
2007.07.31,00:00,1.20280,1.20640,1.20040,1.20060,8762
2007.08.01,00:00,1.20040,1.20490,1.19770,1.20350,10909
2007.08.02,00:00,1.20360,1.20830,1.20230,1.20400,7889
2007.08.03,00:00,1.20440,1.20700,1.18660,1.19050,8375
2007.08.06,00:00,1.18200,1.19240,1.18160,1.19150,6798
2007.08.07,00:00,1.19160,1.19830,1.18920,1.19710,6861
2007.08.08,00:00,1.19700,1.19930,1.19120,1.19620,8470
2007.08.09,00:00,1.19610,1.19930,1.19180,1.19610,9953
2007.08.10,00:00,1.19600,1.20170,1.19290,1.19860,10308
2007.08.13,00:00,1.19820,1.20680,1.19730,1.20520,8313
2007.08.14,00:00,1.20510,1.21170,1.20280,1.21060,8704
2007.08.15,00:00,1.21070,1.21980,1.21020,1.21930,9542
2007.08.16,00:00,1.21920,1.22140,1.21320,1.21680,16021
2007.08.17,00:00,1.21710,1.21780,1.19930,1.20800,15978
2007.08.20,00:00,1.20720,1.20880,1.20490,1.20540,7809
2007.08.21,00:00,1.20530,1.20710,1.20110,1.20650,8950
2007.08.22,00:00,1.20630,1.21100,1.20450,1.20610,7424
2007.08.23,00:00,1.20590,1.21040,1.20470,1.20660,8688
2007.08.24,00:00,1.20670,1.20770,1.19920,1.20050,8574
2007.08.27,00:00,1.20060,1.20450,1.19990,1.20290,4665
2007.08.28,00:00,1.20280,1.20390,1.19590,1.20090,7917
2007.08.29,00:00,1.20080,1.20380,1.19820,1.19930,9026
2007.08.30,00:00,1.19940,1.20650,1.19860,1.20430,9333
2007.08.31,00:00,1.20390,1.20890,1.19870,1.20830,9515
2007.09.03,00:00,1.20770,1.20980,1.20600,1.20860,5246
2007.09.04,00:00,1.20880,1.21500,1.20740,1.21110,8547
2007.09.05,00:00,1.21090,1.21370,1.20210,1.20410,8332
2007.09.06,00:00,1.20420,1.20610,1.19920,1.20060,8812
2007.09.07,00:00,1.20070,1.20250,1.18580,1.18840,6125
2007.09.10,00:00,1.18620,1.18780,1.18390,1.18550,6436
2007.09.11,00:00,1.18570,1.18970,1.18370,1.18900,9442
2007.09.12,00:00,1.18910,1.18950,1.18160,1.18410,6543
2007.09.13,00:00,1.18430,1.18880,1.18000,1.18600,8744
2007.09.14,00:00,1.18590,1.19210,1.18400,1.18960,9158
2007.09.17,00:00,1.18850,1.18980,1.18470,1.18750,8296
2007.09.18,00:00,1.18730,1.18940,1.17960,1.18050,9534
2007.09.19,00:00,1.18040,1.18770,1.17960,1.18350,9705
2007.09.20,00:00,1.18360,1.18390,1.16850,1.17190,10235
2007.09.21,00:00,1.17200,1.17700,1.16760,1.17250,9080
2007.09.24,00:00,1.17190,1.17560,1.16860,1.17320,6816
2007.09.25,00:00,1.17330,1.17450,1.16370,1.16580,8500
2007.09.26,00:00,1.16630,1.17190,1.16440,1.16950,8193
2007.09.27,00:00,1.16970,1.17400,1.16760,1.17360,8887
2007.09.28,00:00,1.17350,1.17370,1.16230,1.16350,10562
2007.10.01,00:00,1.16240,1.17170,1.16220,1.16830,8674
2007.10.02,00:00,1.16840,1.17770,1.16760,1.17540,8583
2007.10.03,00:00,1.17520,1.18070,1.17110,1.18020,8057
2007.10.04,00:00,1.18030,1.18120,1.17360,1.17440,8700
2007.10.05,00:00,1.17430,1.18520,1.17410,1.17820,7121
2007.10.08,00:00,1.17630,1.18690,1.17590,1.18560,5202
2007.10.09,00:00,1.18570,1.18920,1.18240,1.18330,5472
2007.10.10,00:00,1.18310,1.18440,1.17850,1.18290,5304
2007.10.11,00:00,1.18280,1.18430,1.17690,1.18140,6446
2007.10.12,00:00,1.18130,1.18770,1.18040,1.18470,6129
2007.10.15,00:00,1.18410,1.18580,1.17760,1.18020,5384
2007.10.16,00:00,1.18010,1.18440,1.17870,1.18240,6616
2007.10.17,00:00,1.18230,1.18300,1.17760,1.17920,6274
2007.10.18,00:00,1.17910,1.17990,1.16610,1.17000,7275
2007.10.19,00:00,1.16980,1.17340,1.16550,1.16620,6043
2007.10.22,00:00,1.16020,1.17840,1.15990,1.17820,9897
2007.10.23,00:00,1.17810,1.17820,1.17010,1.17270,6840
2007.10.24,00:00,1.17280,1.17720,1.17080,1.17190,7128
2007.10.25,00:00,1.17180,1.17330,1.16330,1.16490,6510
2007.10.26,00:00,1.16510,1.16630,1.16180,1.16390,6062
2007.10.29,00:00,1.16220,1.16700,1.16050,1.16450,5092
2007.10.30,00:00,1.16460,1.16690,1.15740,1.15840,5873
2007.10.31,00:00,1.15850,1.16260,1.15550,1.15860,7404
2007.11.01,00:00,1.15850,1.16370,1.15530,1.15700,7855
2007.11.02,00:00,1.15710,1.15790,1.14920,1.15360,7864
2007.11.05,00:00,1.15190,1.15550,1.15070,1.15280,4874
2007.11.06,00:00,1.15300,1.15400,1.14210,1.14350,6503
2007.11.07,00:00,1.14370,1.14470,1.12560,1.13350,10208
2007.11.08,00:00,1.13340,1.13420,1.12520,1.12770,8366
2007.11.09,00:00,1.12750,1.12760,1.11870,1.12240,10722
2007.11.12,00:00,1.12290,1.12980,1.12170,1.12850,8202
2007.11.13,00:00,1.12840,1.12960,1.12270,1.12630,7440
2007.11.14,00:00,1.12620,1.12620,1.11760,1.12300,8375
2007.11.15,00:00,1.12320,1.12600,1.11990,1.12230,8054
2007.11.16,00:00,1.12220,1.12460,1.11580,1.11770,7332
2007.11.19,00:00,1.11660,1.12000,1.11480,1.11490,6731
2007.11.20,00:00,1.11480,1.11720,1.10520,1.10580,7692
2007.11.21,00:00,1.10570,1.10780,1.10120,1.10210,6983
2007.11.22,00:00,1.10240,1.10390,1.10030,1.10130,4772
2007.11.23,00:00,1.10140,1.10480,1.08900,1.10200,8536
2007.11.26,00:00,1.10360,1.10700,1.09550,1.09710,6469
2007.11.27,00:00,1.09700,1.10660,1.09550,1.10540,8492
2007.11.28,00:00,1.10530,1.11930,1.10400,1.11080,8416
2007.11.29,00:00,1.11070,1.12080,1.11030,1.11760,7400
2007.11.30,00:00,1.11790,1.13260,1.11590,1.13130,7569
2007.12.03,00:00,1.13000,1.13080,1.12480,1.12760,7020
2007.12.04,00:00,1.12740,1.13180,1.11590,1.11660,7652
2007.12.05,00:00,1.11680,1.12860,1.11530,1.12730,7651
2007.12.06,00:00,1.12740,1.13510,1.12630,1.12920,7764
2007.12.07,00:00,1.12940,1.13300,1.12750,1.12800,6671
2007.12.10,00:00,1.12790,1.13010,1.12330,1.12700,5263
2007.12.11,00:00,1.12710,1.13610,1.12540,1.12930,8153
2007.12.12,00:00,1.12950,1.13990,1.12730,1.13430,8107
2007.12.13,00:00,1.13420,1.14500,1.12960,1.14180,7683
2007.12.14,00:00,1.14170,1.15460,1.14000,1.15260,8132
2007.12.17,00:00,1.15590,1.15730,1.14770,1.14860,8798
2007.12.18,00:00,1.14880,1.15340,1.14870,1.15170,6760
2007.12.19,00:00,1.15180,1.15860,1.15100,1.15570,6511
2007.12.20,00:00,1.15550,1.15950,1.15430,1.15880,5702
2007.12.21,00:00,1.15870,1.15870,1.15150,1.15460,5425
2007.12.24,00:00,1.15570,1.15780,1.15390,1.15700,3993
2007.12.26,00:00,1.15330,1.15380,1.14870,1.15120,2471
2007.12.27,00:00,1.15110,1.15190,1.13680,1.13990,6065
2007.12.28,00:00,1.14000,1.14090,1.12550,1.12560,5059
2007.12.31,00:00,1.12720,1.13420,1.12210,1.13250,3805
2008.01.02,00:00,1.12670,1.12920,1.11480,1.11880,4307
2008.01.03,00:00,1.11860,1.11990,1.11050,1.11190,7660
2008.01.04,00:00,1.11180,1.11610,1.10170,1.10810,7013
2008.01.07,00:00,1.10750,1.11890,1.10690,1.11680,5621
2008.01.08,00:00,1.11670,1.11890,1.11150,1.11190,7141
2008.01.09,00:00,1.11200,1.11710,1.11030,1.11640,6512
2008.01.10,00:00,1.11630,1.11680,1.10040,1.10280,8778
2008.01.11,00:00,1.10270,1.10470,1.09760,1.10130,7578
2008.01.14,00:00,1.09840,1.10110,1.08840,1.09300,6524
2008.01.15,00:00,1.09310,1.09470,1.08520,1.09460,7997
2008.01.16,00:00,1.09440,1.10230,1.08360,1.10010,10529
2008.01.17,00:00,1.10020,1.10860,1.09510,1.10060,9931
2008.01.18,00:00,1.10070,1.10620,1.09770,1.09820,9295
2008.01.21,00:00,1.09980,1.11090,1.09970,1.10950,9624
2008.01.22,00:00,1.10940,1.11190,1.09130,1.09230,16008
2008.01.23,00:00,1.09240,1.09890,1.08690,1.09100,11871
2008.01.24,00:00,1.09110,1.09350,1.08450,1.08790,13658
2008.01.25,00:00,1.08800,1.09870,1.08610,1.09660,10324
2008.01.28,00:00,1.09470,1.09650,1.08710,1.08960,6338
2008.01.29,00:00,1.08950,1.09600,1.08830,1.09440,7288
2008.01.30,00:00,1.09430,1.09490,1.08110,1.08240,8708
2008.01.31,00:00,1.08220,1.08580,1.07570,1.08190,10655
2008.02.01,00:00,1.08200,1.08990,1.07290,1.08940,10823
2008.02.04,00:00,1.08930,1.09230,1.08620,1.08780,7104
2008.02.05,00:00,1.08800,1.10560,1.08750,1.09950,9153
2008.02.06,00:00,1.09960,1.10030,1.09490,1.09720,7829
2008.02.07,00:00,1.09700,1.11020,1.09320,1.10290,9218
2008.02.08,00:00,1.10300,1.10800,1.10080,1.10290,7115
2008.02.11,00:00,1.10250,1.10460,1.09450,1.10150,6771
2008.02.12,00:00,1.10180,1.10400,1.09790,1.10220,7175
2008.02.13,00:00,1.10210,1.11050,1.10110,1.10730,8768
2008.02.14,00:00,1.10720,1.10960,1.09550,1.09600,7528
2008.02.15,00:00,1.09590,1.09850,1.08840,1.09310,7676
2008.02.18,00:00,1.09410,1.10440,1.09300,1.10190,6582
2008.02.19,00:00,1.10200,1.10240,1.09070,1.09420,11081
2008.02.20,00:00,1.09430,1.10240,1.09350,1.09890,9137
2008.02.21,00:00,1.09880,1.10310,1.08650,1.08800,9647
2008.02.22,00:00,1.08820,1.09160,1.08340,1.08500,8300
2008.02.25,00:00,1.08530,1.09270,1.08510,1.08920,7123
2008.02.26,00:00,1.08930,1.09170,1.07040,1.07350,8583
2008.02.27,00:00,1.07330,1.07620,1.06100,1.06310,9888
2008.02.28,00:00,1.06320,1.06420,1.04820,1.05190,8780
2008.02.29,00:00,1.05200,1.05260,1.04000,1.04090,9731
2008.03.03,00:00,1.03410,1.04560,1.03080,1.04180,8870
2008.03.04,00:00,1.04170,1.04270,1.03350,1.03920,7937
2008.03.05,00:00,1.03900,1.04270,1.03330,1.03570,8352
2008.03.06,00:00,1.03590,1.03800,1.02090,1.02140,8762
2008.03.07,00:00,1.02130,1.02820,1.01320,1.02510,10276
2008.03.10,00:00,1.01990,1.02550,1.01700,1.01740,7125
2008.03.11,00:00,1.01750,1.03520,1.01470,1.03320,9367
2008.03.12,00:00,1.03310,1.03330,1.01260,1.01650,9948
2008.03.13,00:00,1.01640,1.01660,1.00420,1.01070,11891
2008.03.14,00:00,1.01060,1.01410,0.99710,0.99820,13120
2008.03.17,00:00,0.99230,0.99480,0.96340,0.98610,23637
2008.03.18,00:00,0.98600,1.00500,0.97860,1.00160,15809
2008.03.19,00:00,1.00170,1.00270,0.98670,0.99690,23539
2008.03.20,00:00,0.99700,1.01660,0.99640,1.00690,13444
2008.03.21,00:00,1.00670,1.01030,1.00470,1.00920,4511
2008.03.24,00:00,1.01200,1.02490,1.01100,1.01940,7522
2008.03.25,00:00,1.01930,1.02210,1.00380,1.00720,12980
2008.03.26,00:00,1.00730,1.01130,0.98810,0.98980,14090
2008.03.27,00:00,0.99010,0.99870,0.98860,0.99170,15116
2008.03.28,00:00,0.99160,0.99960,0.99140,0.99490,14628
2008.03.31,00:00,0.99300,0.99930,0.98700,0.99480,12407
2008.04.01,00:00,0.99470,1.01380,0.99300,1.01140,15641
2008.04.02,00:00,1.01160,1.01640,1.00680,1.00820,14617
2008.04.03,00:00,1.00840,1.02160,1.00700,1.00960,13940
2008.04.04,00:00,1.00970,1.01280,1.00140,1.00570,14103
2008.04.07,00:00,1.00610,1.01710,1.00560,1.01310,10916
2008.04.08,00:00,1.01290,1.01550,1.00650,1.01450,12374
2008.04.09,00:00,1.01470,1.01670,0.99730,1.00060,12105
2008.04.10,00:00,1.00080,1.00870,0.98870,1.00710,16402
2008.04.11,00:00,1.00730,1.00900,0.99650,1.00090,13351
2008.04.14,00:00,1.00670,1.00750,0.99240,0.99910,13487
2008.04.15,00:00,0.99930,1.00860,0.99550,1.00680,11656
2008.04.16,00:00,1.00700,1.01110,0.99380,1.00000,13991
2008.04.17,00:00,1.00020,1.00930,0.99570,1.00670,13362
2008.04.18,00:00,1.00680,1.02840,1.00370,1.01810,11282
2008.04.21,00:00,1.01770,1.02050,1.00630,1.00850,14482
2008.04.22,00:00,1.00860,1.01300,0.99950,1.00280,16577
2008.04.23,00:00,1.00290,1.01700,1.00200,1.01500,15221
2008.04.24,00:00,1.01490,1.03830,1.01470,1.03510,17623
2008.04.25,00:00,1.03520,1.04300,1.03000,1.03410,18346
2008.04.28,00:00,1.03480,1.03660,1.02990,1.03390,11479
2008.04.29,00:00,1.03410,1.03980,1.03150,1.03780,15902
2008.04.30,00:00,1.03770,1.04420,1.03270,1.03490,17394
2008.05.01,00:00,1.03500,1.05070,1.03350,1.04770,9572
2008.05.02,00:00,1.04760,1.06060,1.04640,1.05710,14744
2008.05.05,00:00,1.05540,1.05950,1.05080,1.05300,9626
2008.05.06,00:00,1.05320,1.05480,1.04250,1.05160,14556
2008.05.07,00:00,1.05170,1.05910,1.05090,1.05430,15152
2008.05.08,00:00,1.05410,1.06230,1.04800,1.05020,16047
2008.05.09,00:00,1.05030,1.05140,1.03880,1.04110,15432
2008.05.12,00:00,1.04250,1.05110,1.04060,1.04440,14638
2008.05.13,00:00,1.04420,1.05550,1.04170,1.05320,17671
2008.05.14,00:00,1.05330,1.05990,1.05120,1.05430,14174
2008.05.15,00:00,1.05470,1.05920,1.04830,1.05640,16361
2008.05.16,00:00,1.05620,1.05870,1.04300,1.04750,15371
2008.05.19,00:00,1.04580,1.05710,1.04140,1.05260,7815
2008.05.20,00:00,1.05240,1.05340,1.03560,1.03640,16398
2008.05.21,00:00,1.03660,1.03900,1.02400,1.02420,15178
2008.05.22,00:00,1.02460,1.03540,1.02320,1.03090,13048
2008.05.23,00:00,1.03070,1.03340,1.02140,1.02400,12497
2008.05.26,00:00,1.02420,1.02750,1.02310,1.02420,4441
2008.05.27,00:00,1.02440,1.03550,1.02210,1.03430,14098
2008.05.28,00:00,1.03410,1.04220,1.02590,1.03720,15509
2008.05.29,00:00,1.03710,1.05230,1.03640,1.04950,16696
2008.05.30,00:00,1.04960,1.05260,1.04120,1.04200,14426
2008.06.02,00:00,1.04170,1.04470,1.03240,1.03700,15021
2008.06.03,00:00,1.03710,1.04880,1.02720,1.04340,18383
2008.06.04,00:00,1.04350,1.04440,1.03610,1.04210,18116
2008.06.05,00:00,1.04200,1.05200,1.03510,1.03890,16916
2008.06.06,00:00,1.03870,1.04070,1.01830,1.01850,17269
2008.06.09,00:00,1.01730,1.02950,1.01470,1.02740,19302
2008.06.10,00:00,1.02730,1.04380,1.02690,1.04210,19540
2008.06.11,00:00,1.04200,1.04460,1.03070,1.03100,17562
2008.06.12,00:00,1.03120,1.04890,1.03010,1.04020,18521
2008.06.13,00:00,1.03990,1.05390,1.03850,1.04690,18229
2008.06.16,00:00,1.04480,1.05190,1.03780,1.04510,14586
2008.06.17,00:00,1.04480,1.04570,1.03750,1.04180,16690
2008.06.18,00:00,1.04170,1.04670,1.03550,1.03650,14058
2008.06.19,00:00,1.03640,1.04730,1.03190,1.04460,16988
2008.06.20,00:00,1.04480,1.04500,1.03020,1.03570,14284
2008.06.23,00:00,1.03430,1.04910,1.03410,1.04540,13905
2008.06.24,00:00,1.04530,1.04690,1.03470,1.04110,13112
2008.06.25,00:00,1.04100,1.04440,1.03400,1.03510,13273
2008.06.26,00:00,1.03500,1.03900,1.02180,1.02420,16099
2008.06.27,00:00,1.02410,1.02680,1.01650,1.01840,15316
2008.06.30,00:00,1.01930,1.02160,1.01290,1.02070,12028
2008.07.01,00:00,1.02080,1.02260,1.01360,1.01950,13057
2008.07.02,00:00,1.01960,1.02310,1.01300,1.01320,13063
2008.07.03,00:00,1.01340,1.02820,1.01110,1.02670,12881
2008.07.04,00:00,1.02680,1.02760,1.02310,1.02510,6954
2008.07.07,00:00,1.02520,1.03410,1.02230,1.02650,11569
2008.07.08,00:00,1.02640,1.03470,1.02170,1.03350,12120
2008.07.09,00:00,1.03330,1.03510,1.02760,1.02840,11800
2008.07.10,00:00,1.02830,1.03370,1.02520,1.02780,12268
2008.07.11,00:00,1.02770,1.03020,1.01360,1.01600,13592
2008.07.14,00:00,1.01490,1.02500,1.01430,1.01670,13088
2008.07.15,00:00,1.01690,1.01760,1.00100,1.00830,16611
2008.07.16,00:00,1.00840,1.01850,1.00270,1.01760,13635
2008.07.17,00:00,1.01770,1.02570,1.01340,1.01920,15010
2008.07.18,00:00,1.01910,1.02500,1.01720,1.02270,10704
2008.07.21,00:00,1.02240,1.02400,1.01670,1.01710,10278
2008.07.22,00:00,1.01700,1.03340,1.01350,1.03010,11640
2008.07.23,00:00,1.02990,1.03990,1.02890,1.03820,14192
2008.07.24,00:00,1.03810,1.04030,1.03500,1.03640,12310
2008.07.25,00:00,1.03650,1.04070,1.03140,1.03600,12122
2008.07.28,00:00,1.03700,1.03870,1.03230,1.03440,8952
2008.07.29,00:00,1.03400,1.04770,1.03150,1.04680,10298
2008.07.30,00:00,1.04660,1.05200,1.04390,1.04830,11693
2008.07.31,00:00,1.04850,1.04950,1.04020,1.04750,11203
2008.08.01,00:00,1.04740,1.05160,1.04590,1.04950,11756
2008.08.04,00:00,1.04860,1.05050,1.04320,1.04810,8803
2008.08.05,00:00,1.04830,1.05580,1.04800,1.05470,11571
2008.08.06,00:00,1.05460,1.06090,1.05020,1.05920,10005
2008.08.07,00:00,1.05940,1.06360,1.05210,1.06110,11932
2008.08.08,00:00,1.06100,1.08350,1.06080,1.08220,16265
2008.08.11,00:00,1.08350,1.08800,1.07410,1.08690,14803
2008.08.12,00:00,1.08700,1.09240,1.08280,1.08640,14621
2008.08.13,00:00,1.08650,1.09210,1.08240,1.08500,16376
2008.08.14,00:00,1.08490,1.09800,1.08340,1.09430,14322
2008.08.15,00:00,1.09420,1.10070,1.09410,1.09590,14222
2008.08.18,00:00,1.09670,1.10030,1.09130,1.09830,12256
2008.08.19,00:00,1.09820,1.10320,1.08950,1.09130,12426
2008.08.20,00:00,1.09100,1.10390,1.08980,1.09850,9953
2008.08.21,00:00,1.09870,1.09960,1.08420,1.08630,12178
2008.08.22,00:00,1.08620,1.09970,1.08610,1.09840,6414
2008.08.25,00:00,1.09830,1.10290,1.09220,1.09550,11125
2008.08.26,00:00,1.09540,1.10840,1.09530,1.10000,13852
2008.08.27,00:00,1.10010,1.10240,1.09150,1.09730,13604
2008.08.28,00:00,1.09740,1.10120,1.08820,1.09940,15116
2008.08.29,00:00,1.09950,1.10380,1.09220,1.10130,12899
2008.09.01,00:00,1.09840,1.10450,1.09470,1.10240,10671
2008.09.02,00:00,1.10230,1.11280,1.10090,1.10650,16837
2008.09.03,00:00,1.10640,1.11700,1.10410,1.10600,17056
2008.09.04,00:00,1.10590,1.11800,1.10070,1.11320,20084
2008.09.05,00:00,1.11310,1.11920,1.10650,1.11860,21505
2008.09.08,00:00,1.11760,1.13700,1.11250,1.13150,22221
2008.09.09,00:00,1.13130,1.13630,1.12130,1.12790,23269
2008.09.10,00:00,1.12780,1.13960,1.12410,1.13880,20592
2008.09.11,00:00,1.13910,1.14160,1.13340,1.13670,21772
2008.09.12,00:00,1.13680,1.14000,1.12900,1.13030,20627
2008.09.15,00:00,1.11960,1.12780,1.10560,1.11300,30782
2008.09.16,00:00,1.11290,1.12490,1.10450,1.12420,31538
2008.09.17,00:00,1.12390,1.12450,1.09890,1.10400,30271
2008.09.18,00:00,1.10390,1.11100,1.08990,1.10690,32138
2008.09.19,00:00,1.10680,1.12790,1.10060,1.10530,26404
2008.09.22,00:00,1.10370,1.10510,1.06930,1.07250,20295
2008.09.23,00:00,1.07260,1.08870,1.07240,1.08540,15685
2008.09.24,00:00,1.08550,1.09340,1.08030,1.09210,15555
2008.09.25,00:00,1.09130,1.09410,1.08000,1.08940,16698
2008.09.26,00:00,1.08950,1.09100,1.08280,1.08990,16976
2008.09.29,00:00,1.09470,1.10860,1.08120,1.08950,21868
2008.09.30,00:00,1.08990,1.12460,1.08950,1.12050,21511
2008.10.01,00:00,1.12070,1.12900,1.11440,1.12560,22182
2008.10.02,00:00,1.12550,1.14120,1.12480,1.13700,24189
2008.10.03,00:00,1.13710,1.14000,1.12170,1.12800,23304
2008.10.06,00:00,1.13700,1.14860,1.12790,1.14800,33335
2008.10.07,00:00,1.14790,1.14850,1.13590,1.13800,31627
2008.10.08,00:00,1.13820,1.14420,1.12090,1.12750,36119
2008.10.09,00:00,1.12770,1.13410,1.12260,1.12740,29637
2008.10.10,00:00,1.12750,1.14090,1.11260,1.13840,35350
2008.10.13,00:00,1.13110,1.14390,1.12450,1.13760,21497
2008.10.14,00:00,1.13770,1.13810,1.12720,1.13620,20928
2008.10.15,00:00,1.13610,1.14050,1.12950,1.13170,27101
2008.10.16,00:00,1.13120,1.14880,1.12800,1.13500,31573
2008.10.17,00:00,1.13490,1.13950,1.12900,1.13690,19198
2008.10.20,00:00,1.13620,1.15220,1.13220,1.15050,18905
2008.10.21,00:00,1.15060,1.15890,1.14870,1.15250,22397
2008.10.22,00:00,1.15240,1.17100,1.15050,1.16430,27540
2008.10.23,00:00,1.16410,1.16970,1.15590,1.15850,26322
2008.10.24,00:00,1.15840,1.17460,1.14810,1.16720,36007
2008.10.27,00:00,1.16220,1.17090,1.15190,1.15650,27180
2008.10.28,00:00,1.15660,1.16540,1.15120,1.15270,27555
2008.10.29,00:00,1.15260,1.15810,1.12570,1.13060,30076
2008.10.30,00:00,1.13070,1.14770,1.12080,1.14220,27526
2008.10.31,00:00,1.14230,1.16820,1.13550,1.15770,26747
2008.11.03,00:00,1.15560,1.17880,1.14740,1.17870,24557
2008.11.04,00:00,1.17860,1.18000,1.15660,1.16260,33263
2008.11.05,00:00,1.16250,1.17460,1.15490,1.15890,38039
2008.11.06,00:00,1.15880,1.17950,1.15670,1.17920,34269
2008.11.07,00:00,1.17900,1.17970,1.16790,1.17870,19962
2008.11.10,00:00,1.17440,1.18010,1.17120,1.17830,21971
2008.11.11,00:00,1.17850,1.18810,1.17220,1.18750,21947
2008.11.12,00:00,1.18760,1.18950,1.17590,1.18750,27233
2008.11.13,00:00,1.18730,1.20000,1.18250,1.18750,28589
2008.11.14,00:00,1.18760,1.19900,1.18400,1.19510,24057
2008.11.17,00:00,1.19950,1.20060,1.18870,1.19910,24591
2008.11.18,00:00,1.19900,1.20440,1.19650,1.20240,20786
2008.11.19,00:00,1.20230,1.21450,1.19410,1.21250,21307
2008.11.20,00:00,1.21280,1.22790,1.21010,1.22350,24255
2008.11.21,00:00,1.22410,1.22960,1.21710,1.22270,20656
2008.11.24,00:00,1.22080,1.22230,1.19160,1.19300,21933
2008.11.25,00:00,1.19320,1.20610,1.18280,1.18380,23802
2008.11.26,00:00,1.18400,1.20770,1.18400,1.20190,21762
2008.11.27,00:00,1.20200,1.20350,1.19530,1.20040,13447
2008.11.28,00:00,1.20050,1.21980,1.19600,1.21600,15681
2008.12.01,00:00,1.21450,1.21500,1.20190,1.20390,14136
2008.12.02,00:00,1.20410,1.20940,1.19940,1.20580,13891
2008.12.03,00:00,1.20590,1.21680,1.20490,1.20870,13801
2008.12.04,00:00,1.20860,1.21860,1.19240,1.19500,14315
2008.12.05,00:00,1.19470,1.22490,1.19470,1.22010,14589
2008.12.08,00:00,1.22040,1.22330,1.20170,1.20490,13177
2008.12.09,00:00,1.20500,1.21760,1.20060,1.20510,11997
2008.12.10,00:00,1.20500,1.20820,1.19250,1.19750,10646
2008.12.11,00:00,1.19760,1.19990,1.17890,1.18460,13458
2008.12.12,00:00,1.18470,1.18660,1.17390,1.17710,14410
2008.12.15,00:00,1.17370,1.17460,1.15600,1.15760,18858
2008.12.16,00:00,1.15750,1.15850,1.11420,1.11920,14679
2008.12.17,00:00,1.11940,1.12430,1.07100,1.07300,18880
2008.12.18,00:00,1.07310,1.08660,1.04100,1.08150,28126
2008.12.19,00:00,1.08130,1.11350,1.07430,1.10310,33865
2008.12.22,00:00,1.10410,1.10440,1.08810,1.09230,16211
2008.12.23,00:00,1.09260,1.09450,1.08300,1.08830,12087
2008.12.24,00:00,1.08840,1.08870,1.07130,1.07800,9059
2008.12.26,00:00,1.07540,1.07560,1.06630,1.06940,4092
2008.12.29,00:00,1.06610,1.06660,1.03660,1.06030,13541
2008.12.30,00:00,1.06050,1.06310,1.04810,1.05530,13058
2008.12.31,00:00,1.05520,1.07360,1.05360,1.06690,9096
2009.01.02,00:00,1.06180,1.08430,1.06180,1.08110,7374
2009.01.05,00:00,1.08120,1.11220,1.07060,1.11060,15543
2009.01.06,00:00,1.11050,1.12770,1.10720,1.11620,15776
2009.01.07,00:00,1.11610,1.12060,1.08670,1.10100,15593
2009.01.08,00:00,1.10090,1.10820,1.08640,1.09340,16846
2009.01.09,00:00,1.09330,1.11860,1.08870,1.11420,21264
2009.01.12,00:00,1.11140,1.12410,1.10960,1.11430,19909
2009.01.13,00:00,1.11440,1.12520,1.11360,1.11910,21844
2009.01.14,00:00,1.11920,1.12380,1.11210,1.11780,20680
2009.01.15,00:00,1.11750,1.12870,1.11340,1.12360,23161
2009.01.16,00:00,1.12370,1.12370,1.11080,1.11610,19405
2009.01.19,00:00,1.11360,1.13670,1.11210,1.13450,16654
2009.01.20,00:00,1.13440,1.15170,1.13150,1.14940,25011
2009.01.21,00:00,1.14930,1.16140,1.13800,1.15090,24303
2009.01.22,00:00,1.15100,1.15950,1.15080,1.15320,23395
2009.01.23,00:00,1.15240,1.17140,1.15190,1.15400,20503
2009.01.26,00:00,1.15630,1.16420,1.13280,1.13490,20418
2009.01.27,00:00,1.13480,1.14340,1.13130,1.14140,22277
2009.01.28,00:00,1.14130,1.15640,1.13290,1.15260,24445
2009.01.29,00:00,1.15280,1.15790,1.14060,1.15440,21582
2009.01.30,00:00,1.15430,1.16580,1.15150,1.16170,22363
2009.02.02,00:00,1.16360,1.16830,1.15760,1.16250,18294
2009.02.03,00:00,1.16240,1.16650,1.13990,1.14420,21591
2009.02.04,00:00,1.14410,1.16350,1.14100,1.15960,25395
2009.02.05,00:00,1.15970,1.17270,1.15710,1.17200,19168
2009.02.06,00:00,1.17190,1.17420,1.15910,1.16210,17916
2009.02.09,00:00,1.15985,1.16770,1.15010,1.16415,31569
2009.02.10,00:00,1.16405,1.17785,1.15030,1.15600,28539
2009.02.11,00:00,1.15590,1.16310,1.15090,1.15985,23218
2009.02.12,00:00,1.15975,1.17130,1.15585,1.16035,23482
2009.02.13,00:00,1.16045,1.16590,1.15590,1.16055,18934
2009.02.16,00:00,1.16350,1.17040,1.15780,1.16010,15341
2009.02.17,00:00,1.16040,1.17775,1.15954,1.16970,26470
2009.02.18,00:00,1.16980,1.18250,1.16495,1.17527,23761
2009.02.19,00:00,1.17530,1.17970,1.17010,1.17210,24203
2009.02.20,00:00,1.17220,1.18830,1.14590,1.15600,23173
2009.02.23,00:00,1.15751,1.16955,1.14605,1.16792,39899
2009.02.24,00:00,1.16804,1.17120,1.15318,1.15837,48340
2009.02.25,00:00,1.15834,1.17405,1.15475,1.16982,38746
2009.02.26,00:00,1.16957,1.17275,1.15945,1.16460,34600
2009.02.27,00:00,1.16455,1.17590,1.16115,1.16827,38571
2009.03.02,00:00,1.17165,1.17940,1.17015,1.17680,37602
2009.03.03,00:00,1.17672,1.17860,1.16818,1.17699,37786
2009.03.04,00:00,1.17696,1.18477,1.16423,1.16759,43351
2009.03.05,00:00,1.16793,1.18083,1.16727,1.17056,41833
2009.03.06,00:00,1.17069,1.17106,1.14837,1.15798,48642
2009.03.09,00:00,1.15749,1.16805,1.15327,1.15995,42805
2009.03.10,00:00,1.15999,1.16493,1.14304,1.15936,48274
2009.03.11,00:00,1.15920,1.16750,1.15192,1.15432,45993
2009.03.12,00:00,1.15425,1.19631,1.14951,1.18784,51489
2009.03.13,00:00,1.18783,1.19330,1.18334,1.18499,46515
2009.03.16,00:00,1.19080,1.19108,1.18029,1.18532,44150
2009.03.17,00:00,1.18541,1.19003,1.18010,1.18035,45909
2009.03.18,00:00,1.18040,1.18302,1.13759,1.14020,53272
2009.03.19,00:00,1.14021,1.14560,1.11585,1.12408,59847
2009.03.20,00:00,1.12396,1.12965,1.11679,1.12685,41426
2009.03.23,00:00,1.12352,1.13410,1.11700,1.12472,36119
2009.03.24,00:00,1.12463,1.13234,1.12070,1.12940,45499
2009.03.25,00:00,1.12930,1.13267,1.11685,1.12111,40029
2009.03.26,00:00,1.12117,1.12870,1.11809,1.12680,34931
2009.03.27,00:00,1.12670,1.14787,1.12218,1.14380,34778
2009.03.30,00:00,1.14908,1.15477,1.14379,1.14840,36463
2009.03.31,00:00,1.14842,1.15155,1.13555,1.13897,42351
2009.04.01,00:00,1.13893,1.15051,1.13694,1.14609,36266
2009.04.02,00:00,1.14602,1.14855,1.13009,1.13375,36846
2009.04.03,00:00,1.13383,1.13894,1.12955,1.13086,30927
2009.04.06,00:00,1.12963,1.14058,1.12398,1.13670,38400
2009.04.07,00:00,1.13660,1.14817,1.13448,1.14255,36991
2009.04.08,00:00,1.14253,1.15168,1.14138,1.14715,32894
2009.04.09,00:00,1.14870,1.16200,1.14260,1.15910,518469
2009.04.10,00:00,1.15890,1.16220,1.15400,1.15450,120007
2009.04.13,00:00,1.15710,1.16050,1.13030,1.13270,284787
2009.04.14,00:00,1.13300,1.14470,1.13210,1.13700,540957
2009.04.15,00:00,1.13700,1.14870,1.13660,1.14270,594288
2009.04.16,00:00,1.14240,1.15190,1.13960,1.14730,586198
2009.04.17,00:00,1.14730,1.16870,1.14680,1.16500,563410
2009.04.20,00:00,1.16900,1.17400,1.16710,1.17010,542108
2009.04.21,00:00,1.17030,1.17170,1.16340,1.16790,557616
2009.04.22,00:00,1.16800,1.17210,1.15970,1.16350,533874
2009.04.23,00:00,1.16350,1.16740,1.14990,1.15190,566498
2009.04.24,00:00,1.15200,1.15250,1.13480,1.13870,554087
2009.04.27,00:00,1.13860,1.16020,1.13850,1.15610,632523
2009.04.28,00:00,1.15610,1.15950,1.14180,1.14370,648389
2009.04.29,00:00,1.14350,1.14450,1.12990,1.13570,665377
2009.04.30,00:00,1.13580,1.14320,1.12690,1.13940,687506
2009.05.01,00:00,1.13940,1.14090,1.13320,1.13560,386330
2009.05.04,00:00,1.13670,1.14200,1.12460,1.12580,527826
2009.05.05,00:00,1.12580,1.13600,1.12430,1.13390,657128
2009.05.06,00:00,1.13410,1.13860,1.12860,1.13450,687275
2009.05.07,00:00,1.13450,1.14230,1.12510,1.12990,692668
2009.05.08,00:00,1.12990,1.13360,1.10480,1.10530,1048333
2009.05.11,00:00,1.10540,1.11060,1.10190,1.10960,990230
2009.05.12,00:00,1.10940,1.11050,1.10030,1.10280,1178710
2009.05.13,00:00,1.10270,1.11190,1.09760,1.11130,1235341
2009.05.14,00:00,1.11150,1.11210,1.10240,1.10450,1044319
2009.05.15,00:00,1.10470,1.12460,1.10360,1.12130,863892
2009.05.18,00:00,1.12410,1.12620,1.11360,1.11470,960803
2009.05.19,00:00,1.11460,1.11630,1.10680,1.10790,860471
2009.05.20,00:00,1.10800,1.11270,1.09660,1.09950,763304
2009.05.21,00:00,1.09940,1.10550,1.09000,1.09010,925233
2009.05.22,00:00,1.08990,1.09270,1.08100,1.08540,788660
2009.05.25,00:00,1.08420,1.08700,1.08150,1.08320,586258
2009.05.26,00:00,1.08330,1.09250,1.08120,1.08330,911722
2009.05.27,00:00,1.08350,1.09340,1.08090,1.09270,770972
2009.05.28,00:00,1.09250,1.09530,1.08020,1.08410,775537
2009.05.29,00:00,1.08400,1.08430,1.06550,1.06660,666656
2009.06.01,00:00,1.06930,1.07230,1.06160,1.06880,687132
2009.06.02,00:00,1.06880,1.07430,1.05890,1.06280,670685
2009.06.03,00:00,1.06270,1.07450,1.06010,1.07110,772513
2009.06.04,00:00,1.07110,1.07630,1.06390,1.06950,753257
2009.06.05,00:00,1.06950,1.09060,1.06620,1.08520,552620
2009.06.08,00:00,1.08570,1.09850,1.08340,1.08950,902137
2009.06.09,00:00,1.08960,1.09520,1.07600,1.07880,893409
2009.06.10,00:00,1.07860,1.08570,1.07180,1.08010,863868
2009.06.11,00:00,1.08010,1.08390,1.06480,1.06880,830094
2009.06.12,00:00,1.06900,1.08450,1.06870,1.07900,861339
2009.06.15,00:00,1.07990,1.09490,1.07930,1.09290,797039
2009.06.16,00:00,1.09300,1.09550,1.08200,1.08960,911122
2009.06.17,00:00,1.08980,1.09230,1.07620,1.07800,634106
2009.06.18,00:00,1.07820,1.08970,1.07600,1.08600,807086
2009.06.19,00:00,1.08610,1.08920,1.07630,1.08100,712810
2009.06.22,00:00,1.08100,1.08950,1.08100,1.08690,660070
2009.06.23,00:00,1.08690,1.08810,1.06410,1.06730,507103
2009.06.24,00:00,1.06740,1.10220,1.06310,1.09710,670760
2009.06.25,00:00,1.09700,1.10140,1.09190,1.09220,902252
2009.06.26,00:00,1.09220,1.09310,1.07940,1.08300,798009
2009.06.29,00:00,1.08300,1.09110,1.08070,1.08190,751125
2009.06.30,00:00,1.08190,1.08890,1.07770,1.08530,799797
2009.07.01,00:00,1.08530,1.08840,1.07050,1.07470,875810
2009.07.02,00:00,1.07480,1.09000,1.07460,1.08710,837348
2009.07.03,00:00,1.08710,1.08940,1.08280,1.08630,476868
2009.07.06,00:00,1.08750,1.09540,1.08330,1.08350,729247
2009.07.07,00:00,1.08340,1.09140,1.07980,1.09050,737014
2009.07.08,00:00,1.09060,1.09410,1.08750,1.09110,844172
2009.07.09,00:00,1.09090,1.09150,1.07490,1.07910,869130
2009.07.10,00:00,1.07920,1.09230,1.07880,1.08630,784010
2009.07.13,00:00,1.08360,1.08890,1.08060,1.08070,665900
2009.07.14,00:00,1.08070,1.09370,1.08060,1.08790,786058
2009.07.15,00:00,1.08790,1.08860,1.07210,1.07540,664637
2009.07.16,00:00,1.07550,1.07890,1.07010,1.07400,729956
2009.07.17,00:00,1.07420,1.08160,1.07330,1.07650,701909
2009.07.20,00:00,1.07480,1.07550,1.06540,1.06900,658139
2009.07.21,00:00,1.06910,1.07150,1.06220,1.06790,772754
2009.07.22,00:00,1.06800,1.07130,1.06290,1.06700,749969
2009.07.23,00:00,1.06690,1.07700,1.06310,1.07360,813650
2009.07.24,00:00,1.07340,1.07570,1.06720,1.07170,712336
2009.07.27,00:00,1.07240,1.07400,1.06510,1.07000,638827
2009.07.28,00:00,1.07000,1.07960,1.06550,1.07650,710407
2009.07.29,00:00,1.07640,1.09060,1.07290,1.08930,940886
2009.07.30,00:00,1.08920,1.09330,1.08400,1.08700,889714
2009.07.31,00:00,1.08710,1.08900,1.06570,1.06830,847904
2009.08.03,00:00,1.06740,1.07320,1.05610,1.05950,941836
2009.08.04,00:00,1.05940,1.06450,1.05760,1.05920,861891
2009.08.05,00:00,1.05930,1.06580,1.05830,1.06120,854071
2009.08.06,00:00,1.06110,1.06790,1.06020,1.06350,905542
2009.08.07,00:00,1.06360,1.08430,1.05790,1.08080,784840
2009.08.10,00:00,1.08160,1.08820,1.07950,1.08570,781411
2009.08.11,00:00,1.08560,1.08630,1.07890,1.08160,789796
2009.08.12,00:00,1.08160,1.08450,1.07300,1.07550,939477
2009.08.13,00:00,1.07570,1.07640,1.06730,1.07070,857897
2009.08.14,00:00,1.07080,1.07510,1.06690,1.07160,674557
2009.08.17,00:00,1.07510,1.08330,1.07450,1.07590,906959
2009.08.18,00:00,1.07590,1.08010,1.07260,1.07330,797211
2009.08.19,00:00,1.07310,1.07800,1.06220,1.06430,862978
2009.08.20,00:00,1.06440,1.06830,1.06170,1.06290,811061
2009.08.21,00:00,1.06280,1.06550,1.05510,1.05800,762582
2009.08.24,00:00,1.05790,1.06290,1.05680,1.06170,393368
2009.08.25,00:00,1.06170,1.06380,1.05660,1.06220,411697
2009.08.26,00:00,1.06220,1.07130,1.05790,1.06870,401991
2009.08.27,00:00,1.06850,1.07030,1.05290,1.05690,669845
2009.08.28,00:00,1.05690,1.06170,1.05380,1.05940,745968
2009.08.31,00:00,1.05930,1.06350,1.05530,1.05830,630866
2009.09.01,00:00,1.05850,1.07040,1.05420,1.06650,897600
2009.09.02,00:00,1.06630,1.06850,1.05790,1.06010,504082
2009.09.03,00:00,1.06020,1.06350,1.05450,1.06200,406269
2009.09.04,00:00,1.06210,1.06960,1.05770,1.06040,376696
2009.09.07,00:00,1.05920,1.06050,1.05540,1.05980,622225
2009.09.08,00:00,1.06000,1.06010,1.04300,1.04560,966512
2009.09.09,00:00,1.04570,1.04880,1.03810,1.04160,885097
2009.09.10,00:00,1.04140,1.04640,1.03580,1.03830,855959
2009.09.11,00:00,1.03840,1.03980,1.03380,1.03820,775845
2009.09.14,00:00,1.03740,1.04220,1.03210,1.03250,906542
2009.09.15,00:00,1.03270,1.04180,1.03240,1.03370,897105
2009.09.16,00:00,1.03360,1.03670,1.02960,1.03200,872838
2009.09.17,00:00,1.03190,1.03550,1.02730,1.02890,891673
2009.09.18,00:00,1.02910,1.03460,1.02740,1.02920,717556
2009.09.21,00:00,1.02930,1.03880,1.02890,1.03180,851049
2009.09.22,00:00,1.03180,1.03180,1.01860,1.02230,859452
2009.09.23,00:00,1.02240,1.02980,1.01900,1.02700,846327
2009.09.24,00:00,1.02680,1.03220,1.02070,1.02970,975609
2009.09.25,00:00,1.02950,1.03400,1.02420,1.02740,919293
2009.09.28,00:00,1.02600,1.03730,1.02600,1.03250,821830
2009.09.29,00:00,1.03230,1.04040,1.03110,1.03580,917032
2009.09.30,00:00,1.03590,1.04480,1.02810,1.03470,914278
2009.10.01,00:00,1.03450,1.04520,1.03360,1.04260,828965
2009.10.02,00:00,1.04240,1.04350,1.03090,1.03490,590165
2009.10.05,00:00,1.03430,1.03570,1.03050,1.03150,775812
2009.10.06,00:00,1.03170,1.03170,1.02350,1.02650,869256
2009.10.07,00:00,1.02670,1.03580,1.02620,1.03110,910029
2009.10.08,00:00,1.03110,1.03200,1.02290,1.02730,921898
2009.10.09,00:00,1.02740,1.03510,1.02690,1.03110,829067
2009.10.12,00:00,1.03190,1.03520,1.02310,1.02560,747112
2009.10.13,00:00,1.02570,1.02770,1.01910,1.02170,885936
2009.10.14,00:00,1.02170,1.02260,1.01280,1.01420,895435
2009.10.15,00:00,1.01420,1.01960,1.01160,1.01400,904879
2009.10.16,00:00,1.01380,1.02230,1.01280,1.01810,835741
2009.10.19,00:00,1.01800,1.02270,1.01010,1.01120,881568
2009.10.20,00:00,1.01120,1.01670,1.00810,1.01240,870530
2009.10.21,00:00,1.01230,1.01530,1.00330,1.00570,785749
2009.10.22,00:00,1.00590,1.01210,1.00390,1.00450,894450
2009.10.23,00:00,1.00430,1.01010,1.00310,1.00860,814726
2009.10.26,00:00,1.00890,1.02010,1.00510,1.01880,828069
2009.10.27,00:00,1.01870,1.02500,1.01470,1.02050,941040
2009.10.28,00:00,1.02040,1.02760,1.01890,1.02630,976339
2009.10.29,00:00,1.02620,1.02850,1.01660,1.01820,932072
2009.10.30,00:00,1.01830,1.02750,1.01560,1.02630,952550
2009.11.02,00:00,1.02650,1.02660,1.01620,1.02190,957201
2009.11.03,00:00,1.02200,1.03370,1.01940,1.02530,907710
2009.11.04,00:00,1.02520,1.02760,1.01270,1.01540,935271
2009.11.05,00:00,1.01560,1.01920,1.01300,1.01590,907784
2009.11.06,00:00,1.01590,1.02000,1.01240,1.01710,788543
2009.11.09,00:00,1.01650,1.01720,1.00520,1.00740,803762
2009.11.10,00:00,1.00730,1.01080,1.00580,1.00710,866519
2009.11.11,00:00,1.00690,1.00980,1.00330,1.00810,673171
2009.11.12,00:00,1.00790,1.01930,1.00570,1.01670,737591
2009.11.13,00:00,1.01650,1.01850,1.00990,1.01160,612725
2009.11.16,00:00,1.00880,1.01430,1.00450,1.00710,768542
2009.11.17,00:00,1.00710,1.02070,1.00590,1.01590,831354
2009.11.18,00:00,1.01590,1.01660,1.00740,1.01020,824119
2009.11.19,00:00,1.01020,1.01950,1.01010,1.01350,872531
2009.11.20,00:00,1.01330,1.02220,1.01210,1.01720,809894
2009.11.23,00:00,1.01690,1.01700,1.00690,1.01020,681739
2009.11.24,00:00,1.01020,1.01510,1.00750,1.00860,431305
2009.11.25,00:00,1.00850,1.00910,0.99540,0.99700,621363
2009.11.26,00:00,0.99710,1.00750,0.99140,1.00480,351782
2009.11.27,00:00,1.00500,1.01740,1.00280,1.00520,355515
2009.11.30,00:00,1.00530,1.00700,0.99910,1.00330,1034049
2009.12.01,00:00,1.00310,1.00740,0.99670,0.99890,1506037
2009.12.02,00:00,0.99870,1.00270,0.99760,1.00040,807162
2009.12.03,00:00,1.00060,1.00190,0.99580,0.99990,854283
2009.12.04,00:00,0.99970,1.01900,0.99830,1.01680,568225
2009.12.07,00:00,1.01570,1.02440,1.01350,1.01830,1014696
2009.12.08,00:00,1.01840,1.02900,1.01620,1.02740,1017100
2009.12.09,00:00,1.02740,1.02990,1.02170,1.02590,979432
2009.12.10,00:00,1.02590,1.03010,1.02360,1.02600,867876
2009.12.11,00:00,1.02600,1.03670,1.02330,1.03390,791982
2009.12.14,00:00,1.03390,1.03530,1.02930,1.03110,457769
2009.12.15,00:00,1.03120,1.04280,1.03120,1.04000,462856
2009.12.16,00:00,1.04000,1.04240,1.03440,1.03890,491522
2009.12.17,00:00,1.03900,1.05070,1.03840,1.04620,594419
2009.12.18,00:00,1.04620,1.04770,1.03850,1.04280,490397
2009.12.21,00:00,1.04000,1.04800,1.03910,1.04540,343810
2009.12.22,00:00,1.04540,1.05010,1.04400,1.04820,368499
2009.12.23,00:00,1.04820,1.04970,1.03580,1.03900,382325
2009.12.24,00:00,1.03900,1.03950,1.03200,1.03670,235807
2009.12.28,00:00,1.03680,1.03870,1.03270,1.03520,238338
2009.12.29,00:00,1.03530,1.03850,1.02780,1.03750,363331
2009.12.30,00:00,1.03770,1.04210,1.03500,1.03630,363720
2009.12.31,00:00,1.03610,1.03850,1.02840,1.03570,274413
2010.01.04,00:00,1.03590,1.04180,1.02610,1.02890,534167
2010.01.05,00:00,1.02890,1.03590,1.02510,1.03330,537676
2010.01.06,00:00,1.03350,1.03780,1.02480,1.02740,518677
2010.01.07,00:00,1.02750,1.03700,1.02420,1.03370,532432
2010.01.08,00:00,1.03350,1.03840,1.02150,1.02320,438990
2010.01.11,00:00,1.02040,1.02040,1.01290,1.01660,478294
2010.01.12,00:00,1.01670,1.02070,1.01430,1.01880,470293
2010.01.13,00:00,1.01870,1.02170,1.01360,1.01740,476058
2010.01.14,00:00,1.01750,1.02340,1.01580,1.01860,455323
2010.01.15,00:00,1.01880,1.02850,1.01850,1.02640,477321
2010.01.18,00:00,1.02640,1.02910,1.02340,1.02370,355574
2010.01.19,00:00,1.02370,1.03540,1.02270,1.03280,492761
2010.01.20,00:00,1.03260,1.04610,1.03250,1.04340,546453
2010.01.21,00:00,1.04330,1.04940,1.04020,1.04200,591026
2010.01.22,00:00,1.04210,1.04440,1.03730,1.04130,509787
2010.01.25,00:00,1.04130,1.04220,1.03660,1.03990,307676
2010.01.26,00:00,1.04010,1.04900,1.03770,1.04570,478404
2010.01.27,00:00,1.04590,1.05240,1.04450,1.04970,564645
2010.01.28,00:00,1.04980,1.05540,1.04780,1.05180,431434
2010.01.29,00:00,1.05170,1.06410,1.04810,1.06040,517146
2010.02.01,00:00,1.06020,1.06220,1.05520,1.05680,514677
2010.02.02,00:00,1.05660,1.06050,1.05390,1.05460,560295
2010.02.03,00:00,1.05470,1.05990,1.04950,1.05830,579617
2010.02.04,00:00,1.05810,1.06740,1.05790,1.06570,595765
2010.02.05,00:00,1.06560,1.07940,1.06450,1.07280,697838
2010.02.08,00:00,1.07550,1.07720,1.06820,1.07270,618934
2010.02.09,00:00,1.07280,1.07460,1.06070,1.06530,1002317
2010.02.10,00:00,1.06540,1.07190,1.06160,1.06660,810482
2010.02.11,00:00,1.06650,1.07820,1.06250,1.07040,711611
2010.02.12,00:00,1.07050,1.08270,1.07050,1.07640,557122
2010.02.15,00:00,1.07560,1.08020,1.07520,1.07740,234092
2010.02.16,00:00,1.07750,1.07870,1.06520,1.06610,517733
2010.02.17,00:00,1.06590,1.07960,1.06460,1.07740,527306
2010.02.18,00:00,1.07740,1.08890,1.07470,1.08710,608637
2010.02.19,00:00,1.08720,1.08970,1.07600,1.07680,547187
2010.02.22,00:00,1.07480,1.07860,1.07370,1.07520,479205
2010.02.23,00:00,1.07510,1.08470,1.07140,1.08220,566164
2010.02.24,00:00,1.08240,1.08410,1.07360,1.08080,557175
2010.02.25,00:00,1.08070,1.08780,1.07830,1.08110,622480
2010.02.26,00:00,1.08110,1.08120,1.06930,1.07390,554210
2010.03.01,00:00,1.07290,1.08700,1.07180,1.07920,1083921
2010.03.02,00:00,1.07940,1.08870,1.07410,1.07420,1086940
2010.03.03,00:00,1.07410,1.07620,1.06460,1.06760,1050141
2010.03.04,00:00,1.06760,1.07940,1.06670,1.07690,926515
2010.03.05,00:00,1.07670,1.08090,1.07330,1.07390,831159
2010.03.08,00:00,1.07280,1.07470,1.06740,1.07370,510666
2010.03.09,00:00,1.07390,1.08030,1.07250,1.07440,560755
2010.03.10,00:00,1.07440,1.07930,1.06840,1.07050,517405
2010.03.11,00:00,1.07040,1.07300,1.06780,1.06830,505480
2010.03.12,00:00,1.06830,1.06950,1.05760,1.05810,475223
2010.03.15,00:00,1.05800,1.06400,1.05800,1.06180,480140
2010.03.16,00:00,1.06180,1.06250,1.05320,1.05510,527138
2010.03.17,00:00,1.05490,1.05640,1.05050,1.05410,515191
2010.03.18,00:00,1.05430,1.06450,1.05320,1.05730,575366
2010.03.19,00:00,1.05730,1.06330,1.05390,1.06130,479150
2010.03.22,00:00,1.06110,1.06600,1.05610,1.05740,499764
2010.03.23,00:00,1.05760,1.06370,1.05450,1.05690,552531
2010.03.24,00:00,1.05690,1.07390,1.05570,1.07180,601258
2010.03.25,00:00,1.07180,1.07500,1.06710,1.07170,573892
2010.03.26,00:00,1.07170,1.07260,1.06350,1.06500,477974
2010.03.29,00:00,1.06390,1.06890,1.05900,1.06180,880522
2010.03.30,00:00,1.06180,1.06790,1.05850,1.06510,889850
2010.03.31,00:00,1.06510,1.06830,1.04870,1.05210,837661
2010.04.01,00:00,1.05200,1.06100,1.04320,1.05410,742748
2010.04.02,00:00,1.05430,1.06430,1.05390,1.05970,508539
2010.04.05,00:00,1.06140,1.06430,1.05830,1.06340,289520
2010.04.06,00:00,1.06340,1.07200,1.06310,1.06990,488899
2010.04.07,00:00,1.06980,1.07490,1.06840,1.07450,477667
2010.04.08,00:00,1.07450,1.07850,1.07120,1.07170,517845
2010.04.09,00:00,1.07190,1.07610,1.06520,1.06570,479919
2010.04.12,00:00,1.05730,1.06150,1.05490,1.05970,524394
2010.04.13,00:00,1.05960,1.06020,1.05320,1.05410,542447
2010.04.14,00:00,1.05390,1.05590,1.05010,1.05110,456024
2010.04.15,00:00,1.05110,1.06110,1.05050,1.05670,543596
2010.04.16,00:00,1.05680,1.06320,1.05650,1.06120,535471
2010.04.19,00:00,1.06350,1.06900,1.06220,1.06300,493565
2010.04.20,00:00,1.06280,1.06940,1.06000,1.06880,476961
2010.04.21,00:00,1.06880,1.07230,1.06570,1.07010,522687
2010.04.22,00:00,1.07010,1.08480,1.06720,1.08310,566535
2010.04.23,00:00,1.08310,1.08490,1.07140,1.07210,551163
2010.04.26,00:00,1.07360,1.07860,1.06990,1.07160,582414
2010.04.27,00:00,1.07160,1.08990,1.07160,1.08700,691509
2010.04.28,00:00,1.08700,1.09240,1.08120,1.08630,656128
2010.04.29,00:00,1.08610,1.08670,1.08060,1.08230,497912
2010.04.30,00:00,1.08220,1.08450,1.07460,1.07750,442893
2010.05.03,00:00,1.07680,1.08870,1.07680,1.08550,481010
2010.05.04,00:00,1.08550,1.10500,1.08390,1.10370,583497
2010.05.05,00:00,1.10350,1.11990,1.10210,1.11770,621760
2010.05.06,00:00,1.11770,1.12440,1.10160,1.11330,806854
2010.05.07,00:00,1.11310,1.11750,1.10480,1.10820,789767
2010.05.10,00:00,1.10400,1.11240,1.09220,1.11100,906303
2010.05.11,00:00,1.11090,1.11320,1.10340,1.11110,736904
2010.05.12,00:00,1.11100,1.11380,1.10580,1.10920,723967
2010.05.13,00:00,1.10940,1.11920,1.10760,1.11760,678663
2010.05.14,00:00,1.11780,1.13350,1.11490,1.13330,748994
2010.05.17,00:00,1.13300,1.14450,1.12960,1.13250,809170
2010.05.18,00:00,1.13260,1.15310,1.12650,1.15280,908375
2010.05.19,00:00,1.15280,1.15850,1.14170,1.15230,939605
2010.05.20,00:00,1.15250,1.15730,1.14510,1.14880,913030
2010.05.21,00:00,1.14900,1.15800,1.14490,1.14950,764036
2010.05.24,00:00,1.15100,1.16180,1.14910,1.16020,436330
2010.05.25,00:00,1.16010,1.16940,1.15190,1.15740,755700
2010.05.26,00:00,1.15730,1.16230,1.15130,1.15870,791608
2010.05.27,00:00,1.15880,1.16540,1.14840,1.15210,796792
2010.05.28,00:00,1.15220,1.15960,1.14780,1.15890,626786
2010.05.31,00:00,1.15740,1.15820,1.15340,1.15560,382085
2010.06.01,00:00,1.15560,1.17290,1.14680,1.15460,830807
2010.06.02,00:00,1.15470,1.16010,1.15260,1.15460,767654
2010.06.03,00:00,1.15480,1.15720,1.14950,1.15460,709844
2010.06.04,00:00,1.15470,1.16430,1.14360,1.16210,744822
2010.06.07,00:00,1.16360,1.16720,1.15810,1.16270,854360
2010.06.08,00:00,1.16250,1.16410,1.14840,1.15290,839671
2010.06.09,00:00,1.15290,1.15540,1.14140,1.14780,510588
2010.06.10,00:00,1.14800,1.15030,1.13960,1.14230,676540
2010.06.11,00:00,1.14250,1.15450,1.14040,1.14910,577492
2010.06.14,00:00,1.14400,1.14670,1.13490,1.14240,587036
2010.06.15,00:00,1.14250,1.14780,1.12910,1.13320,655937
2010.06.16,00:00,1.13300,1.13380,1.12480,1.13090,546597
2010.06.17,00:00,1.13080,1.13280,1.10940,1.11120,699747
2010.06.18,00:00,1.11100,1.11300,1.10790,1.10830,505123
2010.06.21,00:00,1.10470,1.11360,1.10070,1.10980,956859
2010.06.22,00:00,1.10960,1.11190,1.10340,1.10790,1107499
2010.06.23,00:00,1.10780,1.11360,1.10190,1.10530,1282261
2010.06.24,00:00,1.10520,1.10660,1.09820,1.10170,1141023
2010.06.25,00:00,1.10160,1.10460,1.09190,1.09350,1037171
2010.06.28,00:00,1.09050,1.09380,1.08150,1.08730,1196465
2010.06.29,00:00,1.08710,1.09010,1.08000,1.08240,1143144
2010.06.30,00:00,1.08220,1.08530,1.07500,1.07820,946981
2010.07.01,00:00,1.07840,1.07880,1.05760,1.06080,1214359
2010.07.02,00:00,1.06060,1.06960,1.05830,1.06280,1022275
2010.07.05,00:00,1.06450,1.06730,1.06180,1.06610,415255
2010.07.06,00:00,1.06600,1.06660,1.05600,1.06020,585057
2010.07.07,00:00,1.06020,1.06360,1.05020,1.05030,593215
2010.07.08,00:00,1.05040,1.05620,1.04790,1.04990,812289
2010.07.09,00:00,1.04980,1.05910,1.04880,1.05760,887001
2010.07.12,00:00,1.05470,1.06740,1.05450,1.06080,946780
2010.07.13,00:00,1.06070,1.06450,1.05130,1.05520,956496
2010.07.14,00:00,1.05530,1.06160,1.05090,1.05250,952995
2010.07.15,00:00,1.05250,1.05460,1.03990,1.04230,1171332
2010.07.16,00:00,1.04250,1.05410,1.03980,1.05030,871445
2010.07.19,00:00,1.04880,1.05590,1.04450,1.05390,739854
2010.07.20,00:00,1.05390,1.05460,1.04510,1.05040,997574
2010.07.21,00:00,1.05040,1.05410,1.04830,1.05020,898732
2010.07.22,00:00,1.05010,1.05070,1.03930,1.04180,1039847
2010.07.23,00:00,1.04210,1.05620,1.04030,1.05440,932282
2010.07.26,00:00,1.05270,1.05540,1.04580,1.04940,903665
2010.07.27,00:00,1.04940,1.06380,1.04800,1.06090,907110
2010.07.28,00:00,1.06090,1.06230,1.05350,1.05630,967181
2010.07.29,00:00,1.05630,1.05800,1.03730,1.03990,1015739
2010.07.30,00:00,1.03990,1.04650,1.03600,1.04090,913134
2010.08.02,00:00,1.04310,1.04750,1.03460,1.03930,843861
2010.08.03,00:00,1.03910,1.04130,1.03460,1.03980,805742
2010.08.04,00:00,1.03990,1.05530,1.03770,1.05370,874514
2010.08.05,00:00,1.05350,1.05410,1.04110,1.04650,807610
2010.08.06,00:00,1.04640,1.05070,1.03300,1.03890,679913
2010.08.09,00:00,1.03820,1.04990,1.03740,1.04940,759604
2010.08.10,00:00,1.04920,1.06170,1.04590,1.04910,942554
2010.08.11,00:00,1.04920,1.06250,1.04900,1.05930,1074733
2010.08.12,00:00,1.05940,1.05950,1.04620,1.04900,986554
2010.08.13,00:00,1.04890,1.05470,1.04800,1.05110,844738
2010.08.16,00:00,1.05180,1.05330,1.03490,1.03930,1123068
2010.08.17,00:00,1.03910,1.04470,1.03610,1.04420,823011
2010.08.18,00:00,1.04440,1.04520,1.03830,1.04370,718383
2010.08.19,00:00,1.04380,1.04650,1.02560,1.03180,900477
2010.08.20,00:00,1.03200,1.03910,1.02850,1.03400,1087683
2010.08.23,00:00,1.03490,1.04220,1.03010,1.04170,733584
2010.08.24,00:00,1.04180,1.04490,1.02850,1.03110,879481
2010.08.25,00:00,1.03120,1.03280,1.02460,1.02980,809939
2010.08.26,00:00,1.02980,1.03170,1.02200,1.02400,854863
2010.08.27,00:00,1.02410,1.03030,1.02190,1.02780,877216
2010.08.30,00:00,1.02820,1.03080,1.02360,1.02510,747884
2010.08.31,00:00,1.02530,1.02580,1.01340,1.01540,1058414
2010.09.01,00:00,1.01530,1.01810,1.00630,1.01640,1042460
2010.09.02,00:00,1.01640,1.01840,1.00940,1.01310,949838
2010.09.03,00:00,1.01330,1.02390,1.01190,1.01620,805792
2010.09.06,00:00,1.01710,1.01820,1.00890,1.00930,435996
2010.09.07,00:00,1.00940,1.01460,1.00770,1.01110,760911
2010.09.08,00:00,1.01090,1.01390,1.00590,1.01120,951066
2010.09.09,00:00,1.01120,1.01660,1.00970,1.01510,879066
2010.09.10,00:00,1.01510,1.02780,1.01340,1.01990,860786
2010.09.13,00:00,1.01870,1.01890,1.00690,1.00780,882909
2010.09.14,00:00,1.00800,1.00860,0.99310,0.99620,1106251
2010.09.15,00:00,0.99610,1.00480,0.99460,1.00200,1142426
2010.09.16,00:00,1.00180,1.01690,0.99960,1.01570,1175282
2010.09.17,00:00,1.01580,1.01810,1.00670,1.00980,1071829
2010.09.20,00:00,1.01020,1.01190,1.00270,1.00450,809672
2010.09.21,00:00,1.00460,1.00740,0.99570,0.99610,1154451
2010.09.22,00:00,0.99620,0.99820,0.98370,0.98670,1133745
2010.09.23,00:00,0.98660,0.98990,0.98030,0.98650,1301927
2010.09.24,00:00,0.98650,0.98800,0.97770,0.98270,1132681
2010.09.27,00:00,0.98370,0.98700,0.98150,0.98570,885693
2010.09.28,00:00,0.98570,0.98770,0.97370,0.97620,1159602
2010.09.29,00:00,0.97620,0.98140,0.97320,0.97660,934573
2010.09.30,00:00,0.97660,0.98420,0.97060,0.98170,1032006
2010.10.01,00:00,0.98190,0.98270,0.97200,0.97360,982309
2010.10.04,00:00,0.97540,0.97880,0.97020,0.97160,1006602
2010.10.05,00:00,0.97150,0.97380,0.96430,0.96550,1076577
2010.10.06,00:00,0.96530,0.96830,0.95950,0.96230,1010759
2010.10.07,00:00,0.96240,0.97010,0.95540,0.96600,1083478
2010.10.08,00:00,0.96600,0.96960,0.95900,0.96260,1018268
2010.10.11,00:00,0.96200,0.96630,0.95920,0.96550,835469
2010.10.12,00:00,0.96550,0.97270,0.95540,0.95710,1202808
2010.10.13,00:00,0.95730,0.96400,0.95430,0.95690,1060874
2010.10.14,00:00,0.95680,0.95680,0.94610,0.95540,1113199
2010.10.15,00:00,0.95540,0.96010,0.94840,0.95870,952078
2010.10.18,00:00,0.95880,0.96480,0.95390,0.95950,1026325
2010.10.19,00:00,0.95930,0.97560,0.95750,0.97150,1301285
2010.10.20,00:00,0.97130,0.97140,0.95700,0.96170,1218848
2010.10.21,00:00,0.96180,0.96910,0.96090,0.96810,1313551
2010.10.22,00:00,0.96790,0.98040,0.96630,0.97700,1092281
2010.10.25,00:00,0.97740,0.97820,0.96610,0.97330,1015361
2010.10.26,00:00,0.97330,0.98810,0.97010,0.98450,1127207
2010.10.27,00:00,0.98450,0.99270,0.98370,0.98910,1714601
2010.10.28,00:00,0.98930,0.98990,0.98020,0.98400,3235511
2010.10.29,00:00,0.98410,0.99090,0.98210,0.98210,919600
2010.11.01,00:00,0.98210,0.99700,0.98110,0.99190,898626
2010.11.02,00:00,0.99190,0.99320,0.97560,0.97930,981256
2010.11.03,00:00,0.97920,0.98220,0.96900,0.97190,1220156
2010.11.04,00:00,0.97180,0.97360,0.95610,0.95780,1147334
2010.11.05,00:00,0.95800,0.96410,0.95450,0.96140,914544
2010.11.08,00:00,0.96040,0.96800,0.96000,0.96740,2087465
2010.11.09,00:00,0.96750,0.96950,0.95840,0.96850,2185163
2010.11.10,00:00,0.96830,0.97660,0.96710,0.97040,2175631
2010.11.11,00:00,0.97040,0.97850,0.96670,0.97620,1843025
2010.11.12,00:00,0.97640,0.98090,0.97220,0.98000,1980169
2010.11.15,00:00,0.97900,0.98700,0.97610,0.98510,1561288
2010.11.16,00:00,0.98490,0.99750,0.98270,0.99620,1634197
2010.11.17,00:00,0.99610,0.99760,0.98800,0.99050,1428224
2010.11.18,00:00,0.99060,0.99970,0.98520,0.99530,1499231
2010.11.19,00:00,0.99540,0.99980,0.98740,0.99180,1281254
2010.11.22,00:00,0.99230,0.99410,0.98730,0.98770,1392906
2010.11.23,00:00,0.98790,0.99740,0.98460,0.99640,1574049
2010.11.24,00:00,0.99630,0.99880,0.98970,0.99420,1621406
2010.11.25,00:00,0.99440,1.00200,0.99420,1.00000,1258029
2010.11.26,00:00,1.00020,1.00530,0.99820,1.00250,1512782
2010.11.29,00:00,1.00260,1.00460,0.99860,1.00100,1513199
2010.11.30,00:00,1.00110,1.00420,0.99250,1.00300,1746680
2010.12.01,00:00,1.00290,1.00650,0.99840,1.00260,1602289
2010.12.02,00:00,1.00250,1.00530,0.98870,0.99270,1484000
2010.12.03,00:00,0.99280,0.99480,0.97390,0.97550,1167090
2010.12.06,00:00,0.97460,0.98740,0.97240,0.98180,1316811
2010.12.07,00:00,0.98200,0.98840,0.97530,0.98770,1360239
2010.12.08,00:00,0.98760,0.99140,0.98470,0.98610,1491420
2010.12.09,00:00,0.98620,0.98950,0.98070,0.98340,1468099
2010.12.10,00:00,0.98320,0.98410,0.97930,0.98020,1018948
2010.12.13,00:00,0.98180,0.98510,0.96470,0.96780,1156025
2010.12.14,00:00,0.96780,0.96890,0.95600,0.96110,1377189
2010.12.15,00:00,0.96090,0.96950,0.95730,0.96720,1445243
2010.12.16,00:00,0.96720,0.97340,0.96380,0.96450,1384468
2010.12.17,00:00,0.96440,0.97180,0.95570,0.97010,1270175
2010.12.20,00:00,0.96980,0.97200,0.96300,0.96440,1339383
2010.12.21,00:00,0.96460,0.96500,0.95610,0.95820,1438435
2010.12.22,00:00,0.95840,0.95870,0.95010,0.95140,1381642
2010.12.23,00:00,0.95140,0.96640,0.94950,0.95740,1156285
2010.12.24,00:00,0.95810,0.96340,0.95530,0.96240,458275
2010.12.27,00:00,0.96340,0.96470,0.95730,0.95860,1009901
2010.12.28,00:00,0.95860,0.95870,0.94330,0.95180,1290273
2010.12.29,00:00,0.95200,0.95320,0.94370,0.94460,1214589
2010.12.30,00:00,0.94460,0.94490,0.93410,0.93450,1293876
2010.12.31,00:00,0.93440,0.93970,0.92990,0.93390,837247
2011.01.03,00:00,0.93210,0.93820,0.93190,0.93410,1012702
2011.01.04,00:00,0.93420,0.95160,0.93250,0.94710,1560542
2011.01.05,00:00,0.94700,0.96850,0.94670,0.96580,1649684
2011.01.06,00:00,0.96570,0.97070,0.96090,0.96590,1587609
2011.01.07,00:00,0.96570,0.96890,0.96060,0.96680,1447646
2011.01.10,00:00,0.96660,0.97260,0.96290,0.96600,1448000
2011.01.11,00:00,0.96580,0.97820,0.96580,0.97360,1611553
2011.01.12,00:00,0.97370,0.97550,0.96590,0.96700,1744653
2011.01.13,00:00,0.96700,0.97630,0.96090,0.96380,1653338
2011.01.14,00:00,0.96400,0.96860,0.96030,0.96420,1531695
2011.01.17,00:00,0.96390,0.96760,0.96330,0.96450,1318643
2011.01.18,00:00,0.96470,0.96550,0.95490,0.96370,1819235
2011.01.19,00:00,0.96380,0.96420,0.95180,0.95590,1787407
2011.01.20,00:00,0.95590,0.96840,0.95250,0.96690,1786377
2011.01.21,00:00,0.96670,0.96860,0.95710,0.95820,1555461
2011.01.24,00:00,0.95810,0.96230,0.94700,0.94920,1823453
2011.01.25,00:00,0.94910,0.95220,0.94020,0.94180,2030862
2011.01.26,00:00,0.94200,0.94640,0.93990,0.94250,1886183
2011.01.27,00:00,0.94260,0.94810,0.93880,0.94580,1998525
2011.01.28,00:00,0.94590,0.94710,0.94000,0.94160,1677317
2011.01.31,00:00,0.94180,0.94480,0.93670,0.94350,1775914
2011.02.01,00:00,0.94340,0.94550,0.93330,0.93540,1885726
2011.02.02,00:00,0.93540,0.94400,0.93270,0.93960,1845439
2011.02.03,00:00,0.93970,0.95240,0.93930,0.94620,1774337
2011.02.04,00:00,0.94600,0.95930,0.94510,0.95450,1437488
2011.02.07,00:00,0.95450,0.95980,0.95280,0.95490,1614619
2011.02.08,00:00,0.95480,0.96420,0.95220,0.96330,1645507
2011.02.09,00:00,0.96340,0.96600,0.95510,0.95820,1563111
2011.02.10,00:00,0.95810,0.97020,0.95780,0.96860,1635731
2011.02.11,00:00,0.96850,0.97740,0.96760,0.97300,1297280
2011.02.14,00:00,0.97380,0.97430,0.96900,0.97070,1488642
2011.02.15,00:00,0.97060,0.97290,0.96470,0.96610,1751587
2011.02.16,00:00,0.96630,0.97370,0.95520,0.95900,1901405
2011.02.17,00:00,0.95910,0.96010,0.94760,0.94940,1692359
2011.02.18,00:00,0.94950,0.95380,0.94350,0.94560,1650935
2011.02.21,00:00,0.94400,0.94890,0.94370,0.94590,878029
2011.02.22,00:00,0.94600,0.95050,0.93640,0.93750,1537189
2011.02.23,00:00,0.93770,0.93910,0.93060,0.93180,1499338
2011.02.24,00:00,0.93170,0.93230,0.92320,0.92470,1751438
2011.02.25,00:00,0.92460,0.93170,0.92400,0.92820,1213773
2011.02.28,00:00,0.92810,0.93050,0.92570,0.92860,1504334
2011.03.01,00:00,0.92880,0.93220,0.92720,0.92840,1664655
2011.03.02,00:00,0.92820,0.92900,0.92000,0.92350,1569339
2011.03.03,00:00,0.92360,0.93270,0.92310,0.93200,1627277
2011.03.04,00:00,0.93190,0.93280,0.92220,0.92570,1306217
2011.03.07,00:00,0.92563,0.92754,0.92354,0.92647,54008
2011.03.08,00:00,0.92647,0.93636,0.92587,0.93496,57704
2011.03.09,00:00,0.93502,0.93686,0.92664,0.92960,76000
2011.03.10,00:00,0.92963,0.93624,0.92787,0.93181,73611
2011.03.11,00:00,0.93175,0.93580,0.92679,0.92922,63876
2011.03.14,00:00,0.92833,0.93160,0.92290,0.92477,43700
2011.03.15,00:00,0.92483,0.92506,0.91388,0.91800,72952
2011.03.16,00:00,0.91806,0.91975,0.89119,0.90386,69525
2011.03.17,00:00,0.90385,0.90579,0.89626,0.89916,75669
2011.03.18,00:00,0.89925,0.90892,0.89851,0.90030,54683
2011.03.21,00:00,0.90350,0.90747,0.90299,0.90510,30051
2011.03.22,00:00,0.90508,0.90572,0.90128,0.90405,31645
2011.03.23,00:00,0.90404,0.90873,0.89768,0.90798,37780
2011.03.24,00:00,0.90799,0.91234,0.90270,0.90844,47179
2011.03.25,00:00,0.90843,0.92141,0.90766,0.91967,48039
2011.03.28,00:00,0.92260,0.92337,0.91515,0.91652,43156
2011.03.29,00:00,0.91651,0.92248,0.91397,0.91989,49668
2011.03.30,00:00,0.91990,0.92756,0.91765,0.91929,54081
2011.03.31,00:00,0.91924,0.92000,0.91261,0.91996,12073
2011.04.01,00:00,0.91989,0.93398,0.91855,0.92375,14601
2011.04.04,00:00,0.92549,0.92622,0.91906,0.92416,9510
2011.04.05,00:00,0.92408,0.92729,0.92046,0.92509,11396
2011.04.06,00:00,0.92497,0.92944,0.91303,0.91801,13706
2011.04.07,00:00,0.91808,0.91993,0.91520,0.91584,13435
2011.04.08,00:00,0.91588,0.91659,0.90583,0.90642,11240
2011.04.11,00:00,0.90900,0.91048,0.90462,0.90629,9738
2011.04.12,00:00,0.90624,0.90751,0.89418,0.89709,15345
2011.04.13,00:00,0.89713,0.89913,0.89287,0.89531,11252
2011.04.14,00:00,0.89539,0.89686,0.88947,0.89237,13128
2011.04.15,00:00,0.89239,0.89603,0.89135,0.89217,10161
2011.04.18,00:00,0.89256,0.89993,0.89031,0.89562,14832
2011.04.19,00:00,0.89559,0.90072,0.89457,0.89924,12642
2011.04.20,00:00,0.89921,0.89967,0.88743,0.88865,32470
2011.04.21,00:00,0.88867,0.88878,0.87811,0.88603,26985
2011.04.22,00:00,0.88608,0.88782,0.88448,0.88585,10926
2011.04.25,00:00,0.88332,0.88738,0.87719,0.88146,25791
2011.04.26,00:00,0.88143,0.88526,0.86698,0.87030,21159
2011.04.27,00:00,0.87036,0.88329,0.87036,0.87532,40721
2011.04.28,00:00,0.87530,0.87600,0.86891,0.87305,33831
2011.04.29,00:00,0.87301,0.87487,0.86263,0.86507,23840
2011.05.02,00:00,0.86438,0.86969,0.86252,0.86606,20987
2011.05.03,00:00,0.86603,0.86733,0.85955,0.86145,14939
2011.05.04,00:00,0.86148,0.86474,0.85534,0.86108,19795
2011.05.05,00:00,0.86106,0.87124,0.85552,0.87006,15726
2011.05.06,00:00,0.87003,0.87976,0.86760,0.87906,18337
2011.05.09,00:00,0.87648,0.87872,0.87083,0.87154,15431
2011.05.10,00:00,0.87155,0.88224,0.87155,0.88058,15387
2011.05.11,00:00,0.88054,0.88831,0.87828,0.88623,14646
2011.05.12,00:00,0.88614,0.89035,0.88254,0.88466,13940
2011.05.13,00:00,0.88470,0.89453,0.87969,0.89248,13786
2011.05.16,00:00,0.89349,0.89385,0.87989,0.88516,14509
2011.05.17,00:00,0.88517,0.88822,0.87847,0.88000,15353
2011.05.18,00:00,0.88002,0.88439,0.87833,0.88122,12184
2011.05.19,00:00,0.88118,0.88783,0.87640,0.88058,14973
2011.05.20,00:00,0.88057,0.88560,0.87469,0.87720,13499
2011.05.23,00:00,0.87727,0.88925,0.87549,0.88842,15482
2011.05.24,00:00,0.88848,0.88855,0.87818,0.88014,13647
2011.05.25,00:00,0.88013,0.88134,0.87089,0.87325,14390
2011.05.26,00:00,0.87321,0.87325,0.86435,0.86556,15316
2011.05.27,00:00,0.86557,0.86616,0.84653,0.84894,33068
2011.05.30,00:00,0.85129,0.85308,0.84809,0.84904,21046
2011.05.31,00:00,0.84903,0.85463,0.84660,0.85171,32247
2011.06.01,00:00,0.85169,0.85415,0.83828,0.84222,32716
2011.06.02,00:00,0.84221,0.84526,0.84025,0.84270,15128
2011.06.03,00:00,0.84271,0.84457,0.83297,0.83375,12964
2011.06.06,00:00,0.83339,0.83856,0.83276,0.83495,12262
2011.06.07,00:00,0.83493,0.83909,0.83265,0.83674,12330
2011.06.08,00:00,0.83669,0.83799,0.83463,0.83632,13364
2011.06.09,00:00,0.83625,0.84442,0.83547,0.84126,31858
2011.06.10,00:00,0.84124,0.84387,0.83966,0.84272,27068
2011.06.13,00:00,0.84202,0.84676,0.83532,0.83679,9426
2011.06.14,00:00,0.83676,0.84580,0.83473,0.84499,12520
2011.06.15,00:00,0.84494,0.85503,0.84427,0.85183,15205
2011.06.16,00:00,0.85189,0.85486,0.84670,0.84892,17594
2011.06.17,00:00,0.84897,0.85107,0.84409,0.84868,13393
2011.06.20,00:00,0.84870,0.85163,0.84055,0.84431,12649
2011.06.21,00:00,0.84429,0.84519,0.84000,0.84206,13485
2011.06.22,00:00,0.84205,0.84319,0.83393,0.84020,15615
2011.06.23,00:00,0.84023,0.84378,0.83631,0.83865,14583
2011.06.24,00:00,0.83864,0.83948,0.83186,0.83327,12154
2011.06.27,00:00,0.83505,0.83846,0.83183,0.83387,13983
2011.06.28,00:00,0.83404,0.83588,0.82751,0.83237,13756
2011.06.29,00:00,0.83238,0.83677,0.82952,0.83406,14610
2011.06.30,00:00,0.83403,0.84630,0.83051,0.84215,13355
2011.07.01,00:00,0.84210,0.85261,0.84068,0.84764,12390
2011.07.04,00:00,0.84708,0.85023,0.84634,0.84836,11688
2011.07.05,00:00,0.84838,0.85066,0.83832,0.84055,13025
2011.07.06,00:00,0.84058,0.84437,0.83617,0.83936,13497
2011.07.07,00:00,0.83934,0.84947,0.83773,0.84493,14762
2011.07.08,00:00,0.84487,0.85196,0.83594,0.83663,13594
2011.07.11,00:00,0.83734,0.83878,0.83302,0.83612,14586
2011.07.12,00:00,0.83611,0.83972,0.82769,0.83166,24206
2011.07.13,00:00,0.83165,0.83302,0.80784,0.81001,40275
2011.07.14,00:00,0.81002,0.81986,0.81002,0.81392,36660
2011.07.15,00:00,0.81395,0.81910,0.81238,0.81499,29022
2011.07.18,00:00,0.81056,0.81933,0.81056,0.81645,15335
2011.07.19,00:00,0.81651,0.82776,0.81510,0.82439,16559
2011.07.20,00:00,0.82434,0.82560,0.81773,0.82240,14039
2011.07.21,00:00,0.82246,0.82373,0.81369,0.81745,18667
2011.07.22,00:00,0.81748,0.82467,0.81534,0.81889,23390
2011.07.25,00:00,0.81376,0.81553,0.80206,0.80559,11364
2011.07.26,00:00,0.80564,0.80673,0.79980,0.80151,14085
2011.07.27,00:00,0.80157,0.80459,0.79959,0.80125,11863
2011.07.28,00:00,0.80126,0.80457,0.79900,0.80167,28323
2011.07.29,00:00,0.80166,0.80308,0.78492,0.78570,30773
2011.08.01,00:00,0.79233,0.79532,0.77303,0.78454,21592
2011.08.02,00:00,0.78459,0.78477,0.76107,0.76626,23186
2011.08.03,00:00,0.76622,0.77876,0.76276,0.77068,28717
2011.08.04,00:00,0.77062,0.78008,0.76169,0.76512,33121
2011.08.05,00:00,0.76517,0.77405,0.75786,0.76697,31845
2011.08.08,00:00,0.76082,0.76514,0.74822,0.75417,32020
2011.08.09,00:00,0.75414,0.75929,0.70694,0.72309,49353
2011.08.10,00:00,0.72305,0.73294,0.71804,0.72598,49724
2011.08.11,00:00,0.72598,0.76866,0.72381,0.76246,52856
2011.08.12,00:00,0.76239,0.77847,0.75479,0.77796,31081
2011.08.15,00:00,0.79009,0.79966,0.77867,0.78396,28516
2011.08.16,00:00,0.78397,0.79765,0.77683,0.79551,29767
2011.08.17,00:00,0.79547,0.80167,0.78237,0.79078,33838
2011.08.18,00:00,0.79074,0.79873,0.78572,0.79460,27769
2011.08.19,00:00,0.79459,0.79603,0.78059,0.78525,28291
2011.08.22,00:00,0.78694,0.79094,0.78384,0.78930,17740
2011.08.23,00:00,0.78937,0.79352,0.78522,0.79281,19464
2011.08.24,00:00,0.79285,0.79646,0.78751,0.79580,23581
2011.08.25,00:00,0.79583,0.79886,0.79103,0.79358,35911
2011.08.26,00:00,0.79357,0.81557,0.78924,0.80570,37710
2011.08.29,00:00,0.80892,0.82406,0.80730,0.81704,26731
2011.08.30,00:00,0.81702,0.82319,0.81207,0.82037,25873
2011.08.31,00:00,0.82038,0.82078,0.79930,0.80524,47052
2011.09.01,00:00,0.80522,0.80886,0.79261,0.79428,28648
2011.09.02,00:00,0.79430,0.79511,0.77107,0.78793,30288
2011.09.05,00:00,0.78954,0.79123,0.78204,0.78511,23714
2011.09.06,00:00,0.78512,0.86255,0.78401,0.86109,64015
2011.09.07,00:00,0.86108,0.86157,0.85377,0.85873,33257
2011.09.08,00:00,0.85870,0.87689,0.85820,0.87463,44625
2011.09.09,00:00,0.87468,0.88633,0.87062,0.88359,33959
2011.09.12,00:00,0.88775,0.89256,0.87970,0.88287,50894
2011.09.13,00:00,0.88286,0.88785,0.87562,0.88015,38796
2011.09.14,00:00,0.88016,0.88542,0.87288,0.87619,34307
2011.09.15,00:00,0.87619,0.87970,0.86478,0.86969,44735
2011.09.16,00:00,0.86969,0.87763,0.86969,0.87521,35411
2011.09.19,00:00,0.88112,0.88746,0.87980,0.88534,26113
2011.09.20,00:00,0.88533,0.89218,0.87233,0.88707,29323
2011.09.21,00:00,0.88706,0.90098,0.88550,0.90000,56062
2011.09.22,00:00,0.90004,0.91815,0.89916,0.90731,58706
2011.09.23,00:00,0.90734,0.90836,0.89956,0.90512,26321
2011.09.26,00:00,0.90613,0.91422,0.90046,0.90267,29729
2011.09.27,00:00,0.90266,0.90568,0.89236,0.89644,28009
2011.09.28,00:00,0.89634,0.90209,0.89256,0.90192,29992
2011.09.29,00:00,0.90192,0.90197,0.89180,0.89700,49285
2011.09.30,00:00,0.89706,0.90841,0.89641,0.90756,39361
2011.10.03,00:00,0.90942,0.92167,0.90761,0.92068,27287
2011.10.04,00:00,0.92073,0.92609,0.91430,0.91836,31995
2011.10.05,00:00,0.91834,0.92516,0.91601,0.92334,29729
2011.10.06,00:00,0.92330,0.93147,0.91846,0.91960,27508
2011.10.07,00:00,0.91957,0.92853,0.91460,0.92664,47159
2011.10.10,00:00,0.92582,0.92582,0.90009,0.90456,22517
2011.10.11,00:00,0.90454,0.91213,0.90239,0.90877,25196
2011.10.12,00:00,0.90874,0.91102,0.89180,0.89637,40823
2011.10.13,00:00,0.89636,0.90387,0.89269,0.89985,23831
2011.10.14,00:00,0.89984,0.90091,0.89022,0.89109,19460
2011.10.17,00:00,0.89215,0.89965,0.88813,0.89833,19352
2011.10.18,00:00,0.89829,0.90474,0.89445,0.89953,22529
2011.10.19,00:00,0.89950,0.90381,0.89503,0.90284,19401
2011.10.20,00:00,0.90288,0.90825,0.89288,0.89339,24893
2011.10.21,00:00,0.89343,0.89516,0.88048,0.88202,18595
2011.10.24,00:00,0.88355,0.88778,0.87892,0.87968,20481
2011.10.25,00:00,0.87961,0.88441,0.87705,0.87856,25367
2011.10.26,00:00,0.87854,0.88588,0.87278,0.88100,24039
2011.10.27,00:00,0.88102,0.88118,0.85673,0.85981,28190
2011.10.28,00:00,0.85980,0.86510,0.85977,0.86292,16330
2011.10.31,00:00,0.86260,0.87859,0.86092,0.87733,24351
2011.11.01,00:00,0.87735,0.89591,0.87644,0.88937,51201
2011.11.02,00:00,0.88942,0.88947,0.87947,0.88621,43211
2011.11.03,00:00,0.88623,0.88932,0.87602,0.87784,30636
2011.11.04,00:00,0.87788,0.89046,0.87735,0.88423,21867
2011.11.07,00:00,0.89051,0.90302,0.88923,0.90115,24816
2011.11.08,00:00,0.90114,0.90662,0.89218,0.89475,22812
2011.11.09,00:00,0.89477,0.91098,0.89209,0.91090,26035
2011.11.10,00:00,0.91087,0.91506,0.90165,0.90588,25063
2011.11.11,00:00,0.90586,0.90823,0.89527,0.90124,17841
2011.11.14,00:00,0.89938,0.90913,0.89604,0.90852,21115
2011.11.15,00:00,0.90851,0.91996,0.90814,0.91797,20112
2011.11.16,00:00,0.91798,0.92286,0.91392,0.92148,22527
2011.11.17,00:00,0.92147,0.92353,0.91505,0.92199,22383
2011.11.18,00:00,0.92196,0.92240,0.90850,0.91738,18957
2011.11.21,00:00,0.91615,0.92085,0.91400,0.91774,21245
2011.11.22,00:00,0.91770,0.91860,0.91070,0.91328,20012
2011.11.23,00:00,0.91332,0.92134,0.91279,0.91965,19328
2011.11.24,00:00,0.91969,0.92151,0.91520,0.92043,18701
2011.11.25,00:00,0.92044,0.93290,0.92028,0.93066,16286
2011.11.28,00:00,0.92771,0.93068,0.91753,0.92259,17189
2011.11.29,00:00,0.92264,0.92431,0.91385,0.92122,21663
2011.11.30,00:00,0.92121,0.92516,0.90654,0.91381,22703
2011.12.01,00:00,0.91384,0.91909,0.90700,0.91551,18932
2011.12.02,00:00,0.91553,0.92421,0.91104,0.92026,13711
2011.12.05,00:00,0.92024,0.92310,0.91643,0.92143,14109
2011.12.06,00:00,0.92148,0.92953,0.92057,0.92520,15927
2011.12.07,00:00,0.92523,0.92879,0.92268,0.92424,13996
2011.12.08,00:00,0.92422,0.92896,0.91756,0.92561,16977
2011.12.09,00:00,0.92563,0.92834,0.91812,0.92486,13924
2011.12.12,00:00,0.92574,0.93874,0.92482,0.93869,14687
2011.12.13,00:00,0.93864,0.94774,0.93412,0.94630,19960
2011.12.14,00:00,0.94629,0.95397,0.94283,0.95385,17219
2011.12.15,00:00,0.95384,0.95466,0.93880,0.93951,20772
2011.12.16,00:00,0.93952,0.94142,0.93509,0.93626,12437
2011.12.19,00:00,0.93642,0.94007,0.93463,0.93681,13781
2011.12.20,00:00,0.93680,0.93799,0.92669,0.93141,14088
2011.12.21,00:00,0.93142,0.93918,0.92438,0.93631,22489
2011.12.22,00:00,0.93632,0.93989,0.93068,0.93553,17932
2011.12.23,00:00,0.93550,0.93877,0.93342,0.93755,17569
2011.12.26,00:00,0.93657,0.93726,0.93385,0.93660,4629
2011.12.27,00:00,0.93660,0.93711,0.93328,0.93430,22717
2011.12.28,00:00,0.93428,0.94407,0.93203,0.94350,14572
2011.12.29,00:00,0.94345,0.94686,0.93946,0.94024,25407
2011.12.30,00:00,0.94031,0.94265,0.93414,0.93920,34230
2012.01.02,00:00,0.93790,0.94100,0.93561,0.93955,10030
2012.01.03,00:00,0.93957,0.93999,0.93046,0.93181,14968
2012.01.04,00:00,0.93180,0.94484,0.93169,0.94225,15211
2012.01.05,00:00,0.94224,0.95368,0.94142,0.95231,33288
2012.01.06,00:00,0.95230,0.95773,0.95056,0.95490,26067
2012.01.09,00:00,0.95829,0.95829,0.94771,0.94810,18532
2012.01.10,00:00,0.94814,0.95131,0.94651,0.95072,16383
2012.01.11,00:00,0.95074,0.95665,0.94816,0.95329,19269
2012.01.12,00:00,0.95328,0.95455,0.94112,0.94390,17371
2012.01.13,00:00,0.94390,0.95745,0.94061,0.95217,20351
2012.01.16,00:00,0.95401,0.95736,0.95247,0.95553,13475
2012.01.17,00:00,0.95552,0.95556,0.94471,0.94901,13857
2012.01.18,00:00,0.94896,0.94957,0.93825,0.93878,17068
2012.01.19,00:00,0.93877,0.94123,0.93150,0.93251,14777
2012.01.20,00:00,0.93249,0.93700,0.93062,0.93424,10317
2012.01.23,00:00,0.93689,0.93750,0.92508,0.92685,14182
2012.01.24,00:00,0.92682,0.93108,0.92346,0.92752,21677
2012.01.25,00:00,0.92750,0.93382,0.92038,0.92177,15705
2012.01.26,00:00,0.92178,0.92272,0.91562,0.92165,12369
2012.01.27,00:00,0.92166,0.92284,0.91220,0.91230,13241
2012.01.30,00:00,0.91322,0.92088,0.91313,0.91752,10599
2012.01.31,00:00,0.91751,0.92275,0.91219,0.92036,13617
2012.02.01,00:00,0.92038,0.92491,0.91139,0.91446,14973
2012.02.02,00:00,0.91445,0.92069,0.91302,0.91750,14016
2012.02.03,00:00,0.91749,0.92334,0.91270,0.91829,14006
2012.02.06,00:00,0.91920,0.92628,0.91779,0.91948,12381
2012.02.07,00:00,0.91949,0.92268,0.91093,0.91228,15068
2012.02.08,00:00,0.91227,0.91521,0.91066,0.91337,13505
2012.02.09,00:00,0.91336,0.91467,0.90887,0.91221,14274
2012.02.10,00:00,0.91218,0.91994,0.91024,0.91731,10803
2012.02.13,00:00,0.91359,0.91911,0.91025,0.91866,10876
2012.02.14,00:00,0.91865,0.92291,0.91425,0.91974,15411
2012.02.15,00:00,0.91972,0.92504,0.91550,0.92443,22058
2012.02.16,00:00,0.92444,0.92997,0.91741,0.91919,19815
2012.02.17,00:00,0.91915,0.92061,0.91590,0.91846,33506
2012.02.20,00:00,0.91483,0.91640,0.90875,0.91354,12698
2012.02.21,00:00,0.91353,0.91487,0.90832,0.91163,47105
2012.02.22,00:00,0.91160,0.91378,0.90964,0.91021,17199
2012.02.23,00:00,0.91025,0.91138,0.90084,0.90103,18715
2012.02.24,00:00,0.90100,0.90273,0.89307,0.89477,12647
2012.02.27,00:00,0.89442,0.90103,0.89429,0.89850,16371
2012.02.28,00:00,0.89849,0.90011,0.89414,0.89419,18665
2012.02.29,00:00,0.89418,0.90521,0.89355,0.90468,21994
2012.03.01,00:00,0.90462,0.90718,0.90214,0.90503,19713
2012.03.02,00:00,0.90501,0.91486,0.90460,0.91367,14491
2012.03.05,00:00,0.91469,0.91618,0.91051,0.91185,13919
2012.03.06,00:00,0.91187,0.91958,0.91139,0.91866,16833
2012.03.07,00:00,0.91869,0.92011,0.91563,0.91704,14339
2012.03.08,00:00,0.91702,0.91751,0.90710,0.90835,15935
2012.03.09,00:00,0.90834,0.92064,0.90832,0.91916,12122
2012.03.12,00:00,0.91912,0.92182,0.91515,0.91528,11507
2012.03.13,00:00,0.91529,0.92488,0.91397,0.92358,11683
2012.03.14,00:00,0.92357,0.93305,0.92321,0.93163,14237
2012.03.15,00:00,0.93160,0.93340,0.92013,0.92333,14274
2012.03.16,00:00,0.92334,0.92536,0.91505,0.91525,39141
2012.03.19,00:00,0.91564,0.91776,0.90917,0.91177,36439
2012.03.20,00:00,0.91175,0.91530,0.90993,0.91110,16589
2012.03.21,00:00,0.91108,0.91482,0.90772,0.91224,21286
2012.03.22,00:00,0.91226,0.91782,0.90948,0.91303,22598
2012.03.23,00:00,0.91300,0.91386,0.90662,0.90796,16332
2012.03.26,00:00,0.90724,0.91358,0.90219,0.90306,12194
2012.03.27,00:00,0.90305,0.90530,0.90157,0.90449,11648
2012.03.28,00:00,0.90448,0.90812,0.90161,0.90453,14188
2012.03.29,00:00,0.90452,0.90926,0.90321,0.90545,13534
2012.03.30,00:00,0.90546,0.90566,0.90086,0.90203,12424
2012.04.02,00:00,0.90129,0.90708,0.90014,0.90283,13399
2012.04.03,00:00,0.90279,0.91142,0.90035,0.91100,12617
2012.04.04,00:00,0.91097,0.91823,0.91007,0.91554,43904
2012.04.05,00:00,0.91552,0.92213,0.91426,0.92009,44167
2012.04.06,00:00,0.92008,0.92058,0.91616,0.91659,12437
2012.04.09,00:00,0.91793,0.92159,0.91505,0.91707,11950
2012.04.10,00:00,0.91708,0.92099,0.91458,0.91892,16403
2012.04.11,00:00,0.91893,0.91936,0.91288,0.91716,18675
2012.04.12,00:00,0.91715,0.91783,0.90911,0.91115,18522
2012.04.13,00:00,0.91114,0.92014,0.91036,0.91905,63122
2012.04.16,00:00,0.92178,0.92507,0.91398,0.91569,14751
2012.04.17,00:00,0.91569,0.91816,0.91247,0.91463,19680
2012.04.18,00:00,0.91462,0.92092,0.91433,0.91623,9842
2012.04.19,00:00,0.91619,0.91948,0.91278,0.91459,10204
2012.04.20,00:00,0.91460,0.91548,0.90830,0.90850,8820
2012.04.23,00:00,0.90967,0.91712,0.90950,0.91383,42189
2012.04.24,00:00,0.91384,0.91419,0.90905,0.91060,44487
2012.04.25,00:00,0.91062,0.91213,0.90781,0.90808,12676
2012.04.26,00:00,0.90813,0.91174,0.90578,0.91084,42837
2012.04.27,00:00,0.91083,0.91324,0.90516,0.90615,48011
2012.04.30,00:00,0.90715,0.90962,0.90555,0.90745,41228
2012.05.01,00:00,0.90746,0.90990,0.90426,0.90763,43058
2012.05.02,00:00,0.90768,0.91562,0.90751,0.91385,56157
2012.05.03,00:00,0.91380,0.91728,0.91139,0.91338,45913
2012.05.04,00:00,0.91339,0.91840,0.91148,0.91774,43607
2012.05.07,00:00,0.92652,0.92653,0.91942,0.91984,40838
2012.05.08,00:00,0.91987,0.92511,0.91982,0.92436,48048
2012.05.09,00:00,0.92438,0.93009,0.92368,0.92848,54588
2012.05.10,00:00,0.92852,0.92924,0.92559,0.92871,46590
2012.05.11,00:00,0.92871,0.93060,0.92710,0.92934,45164
2012.05.14,00:00,0.93129,0.93709,0.93074,0.93616,52865
2012.05.15,00:00,0.93615,0.94403,0.93331,0.94306,57244
2012.05.16,00:00,0.94309,0.94700,0.94133,0.94327,65641
2012.05.17,00:00,0.94330,0.94808,0.94184,0.94577,63407
2012.05.18,00:00,0.94580,0.94995,0.93867,0.93936,63127
2012.05.21,00:00,0.94038,0.94376,0.93672,0.93741,53831
2012.05.22,00:00,0.93745,0.94911,0.93726,0.94852,56789
2012.05.23,00:00,0.94854,0.95722,0.94663,0.95603,69429
2012.05.24,00:00,0.95605,0.95945,0.95340,0.95861,67972
2012.05.25,00:00,0.95864,0.96102,0.95401,0.95911,53712
2012.05.28,00:00,0.95628,0.96013,0.95283,0.95983,39078
2012.05.29,00:00,0.95984,0.96368,0.95588,0.96252,57543
2012.05.30,00:00,0.96248,0.97165,0.96188,0.97075,62225
2012.05.31,00:00,0.97071,0.97349,0.96655,0.97145,61189
2012.06.01,00:00,0.97152,0.97698,0.96420,0.96581,73339
2012.06.04,00:00,0.96865,0.96954,0.95879,0.95883,49105
2012.06.05,00:00,0.95884,0.96760,0.95767,0.96377,55785
2012.06.06,00:00,0.96378,0.96505,0.95398,0.95492,62835
2012.06.07,00:00,0.95496,0.95774,0.95137,0.95555,61707
2012.06.08,00:00,0.95554,0.96568,0.95525,0.95949,57780
2012.06.11,00:00,0.94984,0.96453,0.94981,0.96254,15136
2012.06.12,00:00,0.96252,0.96495,0.95847,0.96077,16747
2012.06.13,00:00,0.96074,0.96270,0.95222,0.95517,16887
2012.06.14,00:00,0.95513,0.95731,0.95037,0.95111,16382
2012.06.15,00:00,0.95116,0.95367,0.94779,0.94834,12021
2012.06.18,00:00,0.94550,0.95629,0.94397,0.95340,60006
2012.06.19,00:00,0.95336,0.95545,0.94323,0.94710,60040
2012.06.20,00:00,0.94712,0.95004,0.94240,0.94714,62959
2012.06.21,00:00,0.94718,0.95826,0.94569,0.95704,64775
2012.06.22,00:00,0.95699,0.95917,0.95428,0.95501,51546
2012.06.25,00:00,0.95788,0.96286,0.95730,0.96047,42877
2012.06.26,00:00,0.96051,0.96515,0.95841,0.96176,46996
2012.06.27,00:00,0.96180,0.96497,0.96010,0.96306,41178
2012.06.28,00:00,0.96302,0.96781,0.95902,0.96525,50232
2012.06.29,00:00,0.96529,0.96590,0.94627,0.94805,57762
2012.07.02,00:00,0.94965,0.95587,0.94835,0.95478,35959
2012.07.03,00:00,0.95474,0.95630,0.95124,0.95289,34808
2012.07.04,00:00,0.95288,0.96040,0.95264,0.95970,31487
2012.07.05,00:00,0.95967,0.97140,0.95804,0.96926,46975
2012.07.06,00:00,0.96922,0.97939,0.96848,0.97692,40984
2012.07.09,00:00,0.97882,0.97886,0.97446,0.97503,33688
2012.07.10,00:00,0.97498,0.98145,0.97368,0.97988,39722
2012.07.11,00:00,0.97988,0.98310,0.97665,0.98065,38790
2012.07.12,00:00,0.98069,0.98697,0.98062,0.98519,41650
2012.07.13,00:00,0.98515,0.98722,0.97985,0.97997,36140
2012.07.16,00:00,0.98058,0.98631,0.97721,0.97906,35289
2012.07.17,00:00,0.97911,0.98518,0.97509,0.97688,41972
2012.07.18,00:00,0.97690,0.98292,0.97600,0.97822,40298
2012.07.19,00:00,0.97821,0.98200,0.97470,0.97830,41686
2012.07.20,00:00,0.97829,0.98869,0.97776,0.98781,35508
2012.07.23,00:00,0.99023,0.99504,0.98876,0.99056,18938
2012.07.24,00:00,0.99054,0.99710,0.98945,0.99565,10806
2012.07.25,00:00,0.99563,0.99624,0.98680,0.98927,12163
2012.07.26,00:00,0.98925,0.99096,0.97411,0.97810,12681
2012.07.27,00:00,0.97811,0.98079,0.96950,0.97562,11790
2012.07.30,00:00,0.97617,0.98227,0.97599,0.97966,9166
2012.07.31,00:00,0.97967,0.98043,0.97411,0.97705,10059
2012.08.01,00:00,0.97710,0.98328,0.97370,0.98139,9748
2012.08.02,00:00,0.98145,0.98976,0.96930,0.98637,15980
2012.08.03,00:00,0.98635,0.98722,0.96938,0.96938,9614
2012.08.06,00:00,0.96670,0.97369,0.96652,0.96950,9354
2012.08.07,00:00,0.96949,0.97052,0.96577,0.96998,8104
2012.08.08,00:00,0.97000,0.97439,0.96857,0.97092,8190
2012.08.09,00:00,0.97091,0.97893,0.96979,0.97693,8856
2012.08.10,00:00,0.97697,0.98086,0.97491,0.97606,7695
2012.08.13,00:00,0.97832,0.97942,0.97059,0.97431,8073
2012.08.14,00:00,0.97430,0.97518,0.96970,0.97454,7710
2012.08.15,00:00,0.97453,0.97913,0.97316,0.97725,7305
2012.08.16,00:00,0.97723,0.97981,0.97064,0.97194,7757
2012.08.17,00:00,0.97188,0.97722,0.97000,0.97355,6881
2012.08.20,00:00,0.97403,0.97667,0.97101,0.97241,9275
2012.08.21,00:00,0.97241,0.97281,0.96060,0.96261,62722
2012.08.22,00:00,0.96260,0.96597,0.95729,0.95811,66810
2012.08.23,00:00,0.95812,0.95890,0.95374,0.95606,69440
2012.08.24,00:00,0.95607,0.96207,0.95554,0.95969,61256
2012.08.27,00:00,0.96025,0.96143,0.95794,0.96072,41955
2012.08.28,00:00,0.96071,0.96346,0.95470,0.95531,61861
2012.08.29,00:00,0.95532,0.95924,0.95515,0.95830,50557
2012.08.30,00:00,0.95830,0.96165,0.95577,0.95994,47286
2012.08.31,00:00,0.95994,0.96110,0.95014,0.95473,62808
2012.09.03,00:00,0.95493,0.95601,0.95209,0.95403,45227
2012.09.04,00:00,0.95403,0.95895,0.95078,0.95820,56466
2012.09.05,00:00,0.95824,0.96070,0.95288,0.95548,73608
2012.09.06,00:00,0.95546,0.95966,0.95212,0.95374,68328
2012.09.07,00:00,0.95373,0.95800,0.94335,0.94415,52564
2012.09.10,00:00,0.94533,0.94831,0.94352,0.94637,47879
2012.09.11,00:00,0.94638,0.94656,0.93763,0.93912,53302
2012.09.12,00:00,0.93912,0.94041,0.93405,0.93704,65404
2012.09.13,00:00,0.93707,0.94192,0.93461,0.93490,70386
2012.09.14,00:00,0.93489,0.93526,0.92381,0.92643,19616
2012.09.17,00:00,0.92635,0.92953,0.92460,0.92717,6289
2012.09.18,00:00,0.92722,0.92965,0.92449,0.92818,6846
2012.09.19,00:00,0.92815,0.93061,0.92577,0.92628,6269
2012.09.20,00:00,0.92629,0.93552,0.92625,0.93231,6757
2012.09.21,00:00,0.93232,0.93433,0.92849,0.93260,36012
2012.09.24,00:00,0.93308,0.93912,0.93288,0.93463,58507
2012.09.25,00:00,0.93469,0.93840,0.93273,0.93756,61905
2012.09.26,00:00,0.93757,0.94172,0.93669,0.93910,59158
2012.09.27,00:00,0.93919,0.94174,0.93596,0.93728,81106
2012.09.28,00:00,0.93733,0.94150,0.93341,0.93938,135534
2012.10.01,00:00,0.94340,0.94381,0.93510,0.93820,122275
2012.10.02,00:00,0.93838,0.93884,0.93316,0.93695,79137
2012.10.03,00:00,0.93695,0.93978,0.93546,0.93725,49205
2012.10.04,00:00,0.93724,0.93824,0.92941,0.93091,52927
2012.10.05,00:00,0.93091,0.93227,0.92743,0.92928,50902
2012.10.08,00:00,0.93096,0.93564,0.93095,0.93267,49176
2012.10.09,00:00,0.93268,0.94237,0.93217,0.94188,62596
2012.10.10,00:00,0.94185,0.94310,0.93739,0.93992,59112
2012.10.11,00:00,0.93983,0.94180,0.93354,0.93485,52018
2012.10.12,00:00,0.93487,0.93559,0.93050,0.93349,46774
2012.10.15,00:00,0.93473,0.93708,0.93153,0.93188,47517
2012.10.16,00:00,0.93188,0.93324,0.92137,0.92286,54704
2012.10.17,00:00,0.92285,0.92473,0.92121,0.92233,68931
2012.10.18,00:00,0.92233,0.92558,0.92144,0.92456,69438
2012.10.19,00:00,0.92454,0.92890,0.92406,0.92772,57801
2012.10.22,00:00,0.92794,0.92874,0.92481,0.92617,61178
2012.10.23,00:00,0.92622,0.93422,0.92614,0.93284,66030
2012.10.24,00:00,0.93287,0.93609,0.93131,0.93280,68719
2012.10.25,00:00,0.93279,0.93557,0.92900,0.93498,69089
2012.10.26,00:00,0.93498,0.93857,0.93322,0.93368,69015
2012.10.29,00:00,0.93581,0.93799,0.93471,0.93607,55922
2012.10.30,00:00,0.93608,0.93742,0.92993,0.93218,58712
2012.10.31,00:00,0.93220,0.93320,0.92756,0.93129,64811
2012.11.01,00:00,0.93128,0.93412,0.92943,0.93145,64299
2012.11.02,00:00,0.93146,0.94185,0.93141,0.93886,70628
2012.11.05,00:00,0.94138,0.94478,0.93982,0.94309,63239
2012.11.06,00:00,0.94314,0.94555,0.94190,0.94325,70278
2012.11.07,00:00,0.94324,0.94706,0.93799,0.94553,88511
2012.11.08,00:00,0.94548,0.94809,0.94396,0.94634,80482
2012.11.09,00:00,0.94631,0.94977,0.94279,0.94857,68224
2012.11.12,00:00,0.94785,0.94947,0.94670,0.94836,54687
2012.11.13,00:00,0.94834,0.95122,0.94643,0.94709,72529
2012.11.14,00:00,0.94709,0.94742,0.94210,0.94543,74687
2012.11.15,00:00,0.94546,0.94622,0.94024,0.94224,66106
2012.11.16,00:00,0.94226,0.94902,0.94194,0.94554,62354
2012.11.19,00:00,0.94422,0.94551,0.93929,0.94271,65880
2012.11.20,00:00,0.94270,0.94284,0.93910,0.94017,68072
2012.11.21,00:00,0.94020,0.94571,0.93541,0.93636,68842
2012.11.22,00:00,0.93634,0.93844,0.93369,0.93531,57300
2012.11.23,00:00,0.93529,0.93577,0.92648,0.92756,59482
2012.11.26,00:00,0.92786,0.92992,0.92491,0.92655,60735
2012.11.27,00:00,0.92655,0.93241,0.92559,0.93051,66614
2012.11.28,00:00,0.93052,0.93405,0.92822,0.92932,65454
2012.11.29,00:00,0.92931,0.93025,0.92522,0.92785,57533
2012.11.30,00:00,0.92784,0.92913,0.92447,0.92656,61106
2012.12.03,00:00,0.92731,0.92744,0.92403,0.92469,61481
2012.12.04,00:00,0.92469,0.92927,0.92441,0.92637,60454
2012.12.05,00:00,0.92637,0.92987,0.92494,0.92652,62962
2012.12.06,00:00,0.92648,0.93394,0.92551,0.93266,68900
2012.12.07,00:00,0.93265,0.93821,0.93183,0.93417,61710
2012.12.10,00:00,0.93574,0.93689,0.93255,0.93357,59380
2012.12.11,00:00,0.93359,0.93686,0.93123,0.93145,61276
2012.12.12,00:00,0.93149,0.93255,0.92424,0.92660,60571
2012.12.13,00:00,0.92659,0.92744,0.92248,0.92363,65116
2012.12.14,00:00,0.92363,0.92468,0.91658,0.91828,59837
2012.12.17,00:00,0.91805,0.91936,0.91656,0.91783,54579
2012.12.18,00:00,0.91783,0.91854,0.91197,0.91302,56020
2012.12.19,00:00,0.91299,0.91513,0.90868,0.91355,68760
2012.12.20,00:00,0.91353,0.91474,0.90829,0.91199,64145
2012.12.21,00:00,0.91200,0.91786,0.91182,0.91627,72645
2012.12.24,00:00,0.91614,0.91705,0.91249,0.91528,35773
2012.12.26,00:00,0.91538,0.91574,0.91104,0.91306,27913
2012.12.27,00:00,0.91303,0.91562,0.90950,0.91230,57190
2012.12.28,00:00,0.91239,0.91811,0.91165,0.91310,52757
2012.12.31,00:00,0.91247,0.91659,0.91075,0.91458,46041
2013.01.02,00:00,0.90956,0.91987,0.90747,0.91768,73788
2013.01.03,00:00,0.91779,0.92812,0.91714,0.92809,77074
2013.01.04,00:00,0.92810,0.93022,0.92303,0.92382,76929
2013.01.07,00:00,0.92463,0.92861,0.91995,0.92083,73639
2013.01.08,00:00,0.92084,0.92563,0.91997,0.92373,74197
2013.01.09,00:00,0.92375,0.92727,0.92309,0.92586,71241
2013.01.10,00:00,0.92585,0.92672,0.91021,0.91393,92308
2013.01.11,00:00,0.91393,0.91777,0.91099,0.91339,82392
2013.01.14,00:00,0.91359,0.92282,0.91186,0.92256,88300
2013.01.15,00:00,0.92257,0.93314,0.92104,0.93116,106826
2013.01.16,00:00,0.93111,0.93283,0.92852,0.93110,91439
2013.01.17,00:00,0.93111,0.93594,0.92969,0.93298,112834
2013.01.18,00:00,0.93297,0.93867,0.93026,0.93413,96937
2013.01.21,00:00,0.93397,0.93485,0.93069,0.93441,59797
2013.01.22,00:00,0.93437,0.93447,0.92734,0.92939,110808
2013.01.23,00:00,0.92946,0.93148,0.92765,0.92981,79716
2013.01.24,00:00,0.92979,0.93237,0.92785,0.92931,86122
2013.01.25,00:00,0.92932,0.93062,0.92212,0.92667,86780
2013.01.28,00:00,0.92684,0.92917,0.92563,0.92614,76731
2013.01.29,00:00,0.92613,0.92661,0.91925,0.92207,82079
2013.01.30,00:00,0.92206,0.92259,0.90926,0.91095,87341
2013.01.31,00:00,0.91097,0.91194,0.90748,0.90899,81934
2013.02.01,00:00,0.90899,0.91070,0.90212,0.90705,95253
2013.02.04,00:00,0.90824,0.91165,0.90714,0.90867,65551
2013.02.05,00:00,0.90868,0.91149,0.90710,0.90778,80959
2013.02.06,00:00,0.90778,0.91487,0.90554,0.90987,83345
2013.02.07,00:00,0.90986,0.92002,0.90642,0.91832,85551
2013.02.08,00:00,0.91833,0.91890,0.91526,0.91684,60484
2013.02.11,00:00,0.91727,0.92131,0.91557,0.92057,65351
2013.02.12,00:00,0.92057,0.92140,0.91490,0.91657,70850
2013.02.13,00:00,0.91672,0.91952,0.91513,0.91653,61453
2013.02.14,00:00,0.91657,0.92449,0.91647,0.92079,75622
2013.02.15,00:00,0.92078,0.92401,0.91945,0.92129,69567
2013.02.18,00:00,0.92202,0.92576,0.92090,0.92302,63314
2013.02.19,00:00,0.92300,0.92484,0.92143,0.92228,60650
2013.02.20,00:00,0.92227,0.92848,0.91832,0.92695,71178
2013.02.21,00:00,0.92652,0.93317,0.92577,0.93044,78137
2013.02.22,00:00,0.93046,0.93279,0.92821,0.92945,70046
2013.02.25,00:00,0.92929,0.93367,0.92306,0.93165,119511
2013.02.26,00:00,0.93165,0.93341,0.92851,0.93164,134032
2013.02.27,00:00,0.93152,0.93312,0.92842,0.92922,99326
2013.02.28,00:00,0.92922,0.93718,0.92784,0.93644,90989
2013.03.01,00:00,0.93644,0.94620,0.93506,0.94306,97250
2013.03.04,00:00,0.94187,0.94396,0.94059,0.94062,76657
2013.03.05,00:00,0.94064,0.94327,0.93923,0.94056,76673
2013.03.06,00:00,0.94057,0.94868,0.94008,0.94846,80797
2013.03.07,00:00,0.94848,0.94878,0.94088,0.94237,97799
2013.03.08,00:00,0.94230,0.95515,0.94167,0.95175,87916
2013.03.11,00:00,0.95209,0.95285,0.94643,0.94668,64332
2013.03.12,00:00,0.94667,0.95039,0.94354,0.94692,80780
2013.03.13,00:00,0.94693,0.95315,0.94287,0.95217,76491
2013.03.14,00:00,0.95217,0.95662,0.94504,0.94687,84426
2013.03.15,00:00,0.94689,0.94760,0.93784,0.93819,83608
2013.03.18,00:00,0.94365,0.94850,0.94158,0.94585,97131
2013.03.19,00:00,0.94584,0.94908,0.94247,0.94650,107389
2013.03.20,00:00,0.94646,0.94803,0.94097,0.94486,102144
2013.03.21,00:00,0.94487,0.94814,0.94367,0.94612,105235
2013.03.22,00:00,0.94613,0.94739,0.93912,0.94016,96359
2013.03.25,00:00,0.94325,0.94958,0.93488,0.94812,156183
2013.03.26,00:00,0.94812,0.95042,0.94713,0.94790,119539
2013.03.27,00:00,0.94789,0.95534,0.94752,0.95364,99430
2013.03.28,00:00,0.95365,0.95473,0.94649,0.94958,100106
2013.03.29,00:00,0.94951,0.95104,0.94796,0.94912,54357
2013.04.01,00:00,0.94979,0.95247,0.94547,0.94590,58609
2013.04.02,00:00,0.94589,0.94964,0.94431,0.94860,88545
2013.04.03,00:00,0.94835,0.95195,0.94411,0.94510,88120
2013.04.04,00:00,0.94600,0.95255,0.93812,0.93938,123465
2013.04.05,00:00,0.93934,0.94344,0.93118,0.93433,108496
2013.04.08,00:00,0.93486,0.93604,0.93256,0.93440,108750
2013.04.09,00:00,0.93441,0.93655,0.93065,0.93215,93823
2013.04.10,00:00,0.93214,0.93359,0.92943,0.93204,87992
2013.04.11,00:00,0.93207,0.93393,0.92779,0.93052,90217
2013.04.12,00:00,0.93050,0.93314,0.92618,0.92682,100615
2013.04.15,00:00,0.92673,0.93274,0.92648,0.93074,114044
2013.04.16,00:00,0.93075,0.93263,0.92069,0.92231,129222
2013.04.17,00:00,0.92230,0.93381,0.92055,0.93231,137414
2013.04.18,00:00,0.93229,0.93341,0.92884,0.93213,124725
2013.04.19,00:00,0.93212,0.93413,0.92756,0.93350,117872
2013.04.22,00:00,0.93130,0.93701,0.93112,0.93387,88667
2013.04.23,00:00,0.93387,0.94559,0.93263,0.94483,110232
2013.04.24,00:00,0.94518,0.94978,0.94427,0.94637,101720
2013.04.25,00:00,0.94639,0.94837,0.94215,0.94447,100400
2013.04.26,00:00,0.94446,0.94552,0.94014,0.94234,103939
2013.04.29,00:00,0.94080,0.94284,0.93539,0.93611,89496
2013.04.30,00:00,0.93608,0.93833,0.92776,0.92906,100011
2013.05.01,00:00,0.92909,0.93080,0.92461,0.92702,83204
2013.05.02,00:00,0.92702,0.93617,0.92608,0.93464,130899
2013.05.03,00:00,0.93463,0.93987,0.93009,0.93496,108567
2013.05.06,00:00,0.93481,0.93967,0.93347,0.93810,66144
2013.05.07,00:00,0.93808,0.94360,0.93649,0.94020,82851
2013.05.08,00:00,0.94004,0.94097,0.93362,0.93517,92553
2013.05.09,00:00,0.93515,0.94983,0.93319,0.94772,105451
2013.05.10,00:00,0.94771,0.96277,0.94747,0.95647,153391
2013.05.13,00:00,0.95894,0.95946,0.95462,0.95734,140271
2013.05.14,00:00,0.95733,0.96729,0.95198,0.96689,128878
2013.05.15,00:00,0.96680,0.97469,0.96415,0.96455,137493
2013.05.16,00:00,0.96454,0.97079,0.95772,0.96464,136205
2013.05.17,00:00,0.96465,0.97604,0.96342,0.97217,119878
2013.05.20,00:00,0.96984,0.97176,0.96472,0.96670,104406
2013.05.21,00:00,0.96665,0.97501,0.96538,0.96991,131847
2013.05.22,00:00,0.96991,0.98380,0.96780,0.97800,202759
2013.05.23,00:00,0.97801,0.98167,0.96330,0.96860,185522
2013.05.24,00:00,0.96860,0.97164,0.95895,0.96093,129064
2013.05.27,00:00,0.96140,0.96474,0.95916,0.96258,59171
2013.05.28,00:00,0.96252,0.97804,0.96206,0.97677,136349
2013.05.29,00:00,0.97672,0.97894,0.95991,0.96172,165623
2013.05.30,00:00,0.96131,0.96500,0.95257,0.95284,162665
2013.05.31,00:00,0.95283,0.96240,0.95106,0.95477,155405
2013.06.03,00:00,0.95564,0.96222,0.94372,0.94712,88977
2013.06.04,00:00,0.94720,0.95195,0.94530,0.94674,81749
2013.06.05,00:00,0.94681,0.94936,0.93927,0.94205,107132
2013.06.06,00:00,0.94213,0.94385,0.92315,0.92917,119376
2013.06.07,00:00,0.92896,0.93733,0.92487,0.93547,68949
2013.06.10,00:00,0.93654,0.94186,0.93172,0.93345,44282
2013.06.11,00:00,0.93335,0.93485,0.92230,0.92437,38224
2013.06.12,00:00,0.92429,0.92857,0.91725,0.92022,35528
2013.06.13,00:00,0.92046,0.92583,0.91296,0.92156,38123
2013.06.14,00:00,0.92167,0.92692,0.91954,0.92077,32943
2013.06.17,00:00,0.92119,0.92707,0.92004,0.92243,34578
2013.06.18,00:00,0.92236,0.92615,0.91747,0.91979,36671
2013.06.19,00:00,0.91990,0.93210,0.91797,0.92774,30478
2013.06.20,00:00,0.92814,0.93602,0.92503,0.92723,55998
2013.06.21,00:00,0.92707,0.93672,0.92413,0.93409,45458
2013.06.24,00:00,0.93632,0.93795,0.93113,0.93299,51703
2013.06.25,00:00,0.93322,0.94048,0.93190,0.93795,75849
2013.06.26,00:00,0.93783,0.94426,0.93724,0.94297,72152
2013.06.27,00:00,0.94290,0.94868,0.94057,0.94512,68407
2013.06.28,00:00,0.94495,0.94743,0.94114,0.94468,70187
2013.07.01,00:00,0.94560,0.95011,0.94389,0.94499,59345
2013.07.02,00:00,0.94486,0.95285,0.94448,0.95048,54024
2013.07.03,00:00,0.95048,0.95226,0.94448,0.94608,65538
2013.07.04,00:00,0.94592,0.95838,0.94578,0.95629,55600
2013.07.05,00:00,0.95572,0.96599,0.95572,0.96367,62671
2013.07.08,00:00,0.96522,0.96656,0.96244,0.96325,51290
2013.07.09,00:00,0.96320,0.97502,0.96303,0.97239,61679
2013.07.10,00:00,0.97296,0.97437,0.95772,0.95794,59944
2013.07.11,00:00,0.95822,0.95951,0.94036,0.94686,82998
2013.07.12,00:00,0.94677,0.95133,0.94372,0.94618,51246
2013.07.15,00:00,0.94549,0.95334,0.94503,0.94801,54583
2013.07.16,00:00,0.94809,0.94971,0.93778,0.93887,62142
2013.07.17,00:00,0.93887,0.94450,0.93565,0.94083,64211
2013.07.18,00:00,0.94066,0.94772,0.94030,0.94437,57518
2013.07.19,00:00,0.94437,0.94607,0.93958,0.94064,53369
2013.07.22,00:00,0.94065,0.94145,0.93215,0.93607,53078
2013.07.23,00:00,0.93596,0.94057,0.93413,0.93470,57575
2013.07.24,00:00,0.93463,0.93876,0.93392,0.93712,64519
2013.07.25,00:00,0.93723,0.93940,0.92827,0.92936,63096
2013.07.26,00:00,0.92935,0.93043,0.92633,0.92792,54805
2013.07.29,00:00,0.92784,0.93214,0.92682,0.93093,52369
2013.07.30,00:00,0.93064,0.93237,0.92725,0.92948,42578
2013.07.31,00:00,0.92951,0.93363,0.92274,0.92584,55710
2013.08.01,00:00,0.92584,0.93714,0.92524,0.93659,48289
2013.08.02,00:00,0.93665,0.93889,0.92734,0.92889,48617
2013.08.05,00:00,0.92875,0.93320,0.92688,0.92713,42041
2013.08.06,00:00,0.92713,0.92954,0.92372,0.92556,52370
2013.08.07,00:00,0.92553,0.92877,0.92067,0.92141,63039
2013.08.08,00:00,0.92123,0.92281,0.91743,0.91997,57451
2013.08.09,00:00,0.91988,0.92287,0.91898,0.92175,49229
2013.08.12,00:00,0.92380,0.92839,0.92130,0.92547,47876
2013.08.13,00:00,0.92546,0.93476,0.92534,0.93276,57649
2013.08.14,00:00,0.93265,0.93766,0.93209,0.93571,53742
2013.08.15,00:00,0.93516,0.93955,0.92460,0.92586,55889
2013.08.16,00:00,0.92582,0.92870,0.92162,0.92621,47803
2013.08.19,00:00,0.92597,0.92844,0.92275,0.92377,39436
2013.08.20,00:00,0.92378,0.92502,0.91460,0.91714,48300
2013.08.21,00:00,0.91728,0.92344,0.91616,0.92202,46305
2013.08.22,00:00,0.92221,0.92890,0.92164,0.92312,46966
2013.08.23,00:00,0.92302,0.92625,0.91888,0.92075,46412
2013.08.26,00:00,0.92089,0.92457,0.92022,0.92277,37739
2013.08.27,00:00,0.92297,0.92303,0.91700,0.91727,58914
2013.08.28,00:00,0.91726,0.92344,0.91691,0.92207,57007
2013.08.29,00:00,0.92204,0.93205,0.92149,0.93076,56956
2013.08.30,00:00,0.93081,0.93317,0.92879,0.92949,56445
2013.09.02,00:00,0.93127,0.93483,0.93075,0.93429,51401
2013.09.03,00:00,0.93436,0.93818,0.93369,0.93643,57026
2013.09.04,00:00,0.93647,0.93817,0.93469,0.93516,52235
2013.09.05,00:00,0.93524,0.94542,0.93481,0.94470,59163
2013.09.06,00:00,0.94483,0.94546,0.93452,0.93769,57635
2013.09.09,00:00,0.93881,0.93913,0.93004,0.93230,49552
2013.09.10,00:00,0.93236,0.93662,0.93156,0.93474,34824
2013.09.11,00:00,0.93464,0.93700,0.92843,0.93019,35829
2013.09.12,00:00,0.93032,0.93346,0.92709,0.93041,36599
2013.09.13,00:00,0.93052,0.93402,0.92798,0.92942,36126
2013.09.16,00:00,0.92317,0.92771,0.92283,0.92708,43987
2013.09.17,00:00,0.92733,0.92784,0.92510,0.92580,38229
2013.09.18,00:00,0.92569,0.92676,0.91084,0.91177,49231
2013.09.19,00:00,0.91193,0.91370,0.90892,0.91042,51565
2013.09.20,00:00,0.91044,0.91260,0.90882,0.91000,43003
2013.09.23,00:00,0.90850,0.91291,0.90831,0.91071,50053
2013.09.24,00:00,0.91072,0.91324,0.90982,0.91254,50893
2013.09.25,00:00,0.91270,0.91369,0.90775,0.90907,32491
2013.09.26,00:00,0.90911,0.91163,0.90866,0.91011,32749
2013.09.27,00:00,0.90999,0.91099,0.90200,0.90559,34133
2013.09.30,00:00,0.90626,0.90676,0.90242,0.90449,59754
2013.10.01,00:00,0.90436,0.90742,0.89919,0.90525,63491
2013.10.02,00:00,0.90542,0.90766,0.89935,0.90261,56181
2013.10.03,00:00,0.90267,0.90326,0.89668,0.89933,55983
2013.10.04,00:00,0.89931,0.90812,0.89773,0.90694,50804
2013.10.07,00:00,0.90641,0.90687,0.90152,0.90282,33884
2013.10.08,00:00,0.90275,0.90651,0.90221,0.90375,36166
2013.10.09,00:00,0.90358,0.91269,0.90148,0.90980,44704
2013.10.10,00:00,0.90984,0.91304,0.90814,0.91149,37799
2013.10.11,00:00,0.91140,0.91316,0.90700,0.91039,30663
2013.10.14,00:00,0.90892,0.91211,0.90629,0.91007,23436
2013.10.15,00:00,0.91019,0.91781,0.90921,0.91228,39760
2013.10.16,00:00,0.91241,0.91746,0.90970,0.91310,42445
2013.10.17,00:00,0.91333,0.91453,0.90068,0.90222,46475
2013.10.18,00:00,0.90225,0.90361,0.90046,0.90158,29246
2013.10.21,00:00,0.90154,0.90440,0.90049,0.90183,24896
2013.10.22,00:00,0.90186,0.90387,0.89392,0.89458,32566
2013.10.23,00:00,0.89464,0.89653,0.89101,0.89206,32944
2013.10.24,00:00,0.89214,0.89293,0.88893,0.89219,34998
2013.10.25,00:00,0.89206,0.89642,0.88918,0.89252,34143
2013.10.28,00:00,0.89217,0.89620,0.89190,0.89564,26560
2013.10.29,00:00,0.89549,0.90018,0.89425,0.89874,37717
2013.10.30,00:00,0.89884,0.90234,0.89492,0.89903,38437
2013.10.31,00:00,0.89907,0.90752,0.89869,0.90667,47105
2013.11.01,00:00,0.90682,0.91372,0.90651,0.91189,40756
2013.11.04,00:00,0.91199,0.91514,0.90902,0.90969,27847
2013.11.05,00:00,0.90967,0.91468,0.90936,0.91342,33460
2013.11.06,00:00,0.91334,0.91383,0.90972,0.91196,30264
2013.11.07,00:00,0.91196,0.92490,0.91081,0.91560,50777
2013.11.08,00:00,0.91530,0.92461,0.91529,0.92208,43198
2013.11.11,00:00,0.92258,0.92311,0.91883,0.91924,27113
2013.11.12,00:00,0.91927,0.92256,0.91542,0.91734,40791
2013.11.13,00:00,0.91730,0.92000,0.91252,0.91322,43543
2013.11.14,00:00,0.91325,0.91877,0.91239,0.91645,44327
2013.11.15,00:00,0.91638,0.91906,0.91293,0.91483,32875
2013.11.18,00:00,0.91429,0.91610,0.90947,0.91277,33238
2013.11.19,00:00,0.91278,0.91436,0.91018,0.91084,40164
2013.11.20,00:00,0.91081,0.91901,0.90776,0.91599,48399
2013.11.21,00:00,0.91604,0.91877,0.91262,0.91272,45310
2013.11.22,00:00,0.91256,0.91490,0.90659,0.90731,33520
2013.11.25,00:00,0.90732,0.91303,0.90604,0.91169,24990
2013.11.26,00:00,0.91165,0.91179,0.90607,0.90636,26647
2013.11.27,00:00,0.90651,0.90914,0.90400,0.90738,28974
2013.11.28,00:00,0.90741,0.90856,0.90405,0.90529,19663
2013.11.29,00:00,0.90525,0.90680,0.90274,0.90617,25937
2013.12.02,00:00,0.90598,0.91095,0.90422,0.90848,28442
2013.12.03,00:00,0.90852,0.90999,0.90199,0.90418,28668
2013.12.04,00:00,0.90421,0.90753,0.90123,0.90221,35232
2013.12.05,00:00,0.90221,0.90476,0.89560,0.89655,39381
2013.12.06,00:00,0.89658,0.89832,0.89118,0.89245,32550
2013.12.09,00:00,0.89164,0.89334,0.88939,0.89029,21548
2013.12.10,00:00,0.89030,0.89069,0.88496,0.88730,26251
2013.12.11,00:00,0.88732,0.88855,0.88389,0.88626,26346
2013.12.12,00:00,0.88631,0.89086,0.88470,0.88904,33458
2013.12.13,00:00,0.88903,0.89165,0.88803,0.88999,26962
2013.12.16,00:00,0.88941,0.89043,0.88456,0.88711,25396
2013.12.17,00:00,0.88699,0.88942,0.88314,0.88477,24966
2013.12.18,00:00,0.88485,0.89487,0.88392,0.89372,36914
2013.12.19,00:00,0.89375,0.89858,0.89337,0.89780,32130
2013.12.20,00:00,0.89777,0.90003,0.89311,0.89535,31199
2013.12.23,00:00,0.89559,0.89663,0.89221,0.89367,19734
2013.12.24,00:00,0.89367,0.89714,0.89210,0.89575,14233
2013.12.25,00:00,0.89524,0.89646,0.89474,0.89606,481
2013.12.26,00:00,0.89524,0.89684,0.89474,0.89641,20741
2013.12.27,00:00,0.89643,0.89654,0.87984,0.89182,29933
2013.12.30,00:00,0.89061,0.89308,0.88593,0.88758,22498
2013.12.31,00:00,0.88704,0.89181,0.88654,0.88838,16007
2014.01.01,00:00,0.89106,0.89270,0.89106,0.89142,1189
2014.01.02,00:00,0.89106,0.90275,0.89076,0.89882,42229
2014.01.03,00:00,0.89918,0.90566,0.89872,0.90533,27260
2014.01.06,00:00,0.90479,0.90693,0.90189,0.90390,27954
2014.01.07,00:00,0.90383,0.90980,0.90345,0.90895,28230
2014.01.08,00:00,0.90897,0.91262,0.90756,0.91104,33213
2014.01.09,00:00,0.91104,0.91232,0.90624,0.90672,32061
2014.01.10,00:00,0.90676,0.90890,0.90043,0.90252,29868
2014.01.13,00:00,0.90133,0.90470,0.89856,0.89884,25226
2014.01.14,00:00,0.89892,0.90311,0.89857,0.90232,28979
2014.01.15,00:00,0.90245,0.91071,0.90223,0.90850,36243
2014.01.16,00:00,0.90845,0.91026,0.90312,0.90467,37281
2014.01.17,00:00,0.90465,0.91192,0.90429,0.91114,33117
2014.01.20,00:00,0.91004,0.91315,0.90885,0.90983,23288
2014.01.21,00:00,0.90985,0.91554,0.90836,0.90988,36773
2014.01.22,00:00,0.90986,0.91213,0.90882,0.91140,29873
2014.01.23,00:00,0.91140,0.91328,0.89629,0.89721,50466
2014.01.24,00:00,0.89717,0.89903,0.89025,0.89443,45830
2014.01.27,00:00,0.89480,0.89835,0.89312,0.89612,38978
2014.01.28,00:00,0.89613,0.90090,0.89534,0.89707,33684
2014.01.29,00:00,0.89708,0.90085,0.89345,0.89428,52342
2014.01.30,00:00,0.89438,0.90466,0.89413,0.90264,44208
2014.01.31,00:00,0.90265,0.90791,0.90074,0.90643,46598
2014.02.03,00:00,0.90640,0.90806,0.90031,0.90081,41629
2014.02.04,00:00,0.90061,0.90608,0.90061,0.90358,36164
2014.02.05,00:00,0.90359,0.90559,0.90031,0.90345,37197
2014.02.06,00:00,0.90340,0.90627,0.89669,0.90077,39859
2014.02.07,00:00,0.90081,0.90213,0.89582,0.89728,35602
2014.02.10,00:00,0.89857,0.89928,0.89586,0.89670,19934
2014.02.11,00:00,0.89664,0.89871,0.89389,0.89816,22868
2014.02.12,00:00,0.89815,0.90372,0.89672,0.90047,21786
2014.02.13,00:00,0.90049,0.90090,0.89175,0.89328,25129
2014.02.14,00:00,0.89336,0.89395,0.89023,0.89172,20086
2014.02.17,00:00,0.89133,0.89251,0.88996,0.89128,14029
2014.02.18,00:00,0.89127,0.89278,0.88683,0.88783,20617
2014.02.19,00:00,0.88784,0.88948,0.88554,0.88835,18611
2014.02.20,00:00,0.88831,0.89139,0.88583,0.88940,21086
2014.02.21,00:00,0.88929,0.89101,0.88667,0.88748,17273
2014.02.24,00:00,0.88723,0.89098,0.88517,0.88872,16093
2014.02.25,00:00,0.88875,0.88905,0.88532,0.88666,17209
2014.02.26,00:00,0.88665,0.89293,0.88652,0.89052,19548
2014.02.27,00:00,0.89042,0.89183,0.88705,0.88812,19501
2014.02.28,00:00,0.88816,0.88885,0.87765,0.87917,23764
2014.03.03,00:00,0.88047,0.88352,0.87814,0.88296,31611
2014.03.04,00:00,0.88279,0.88778,0.88238,0.88727,28415
2014.03.05,00:00,0.88722,0.88946,0.88594,0.88709,27144
2014.03.06,00:00,0.88709,0.88904,0.87939,0.88032,36604
2014.03.07,00:00,0.88019,0.88151,0.87557,0.87763,30817
2014.03.10,00:00,0.87708,0.87925,0.87603,0.87753,20874
2014.03.11,00:00,0.87758,0.88041,0.87653,0.87809,17031
2014.03.12,00:00,0.87806,0.87872,0.87336,0.87379,19132
2014.03.13,00:00,0.87380,0.87639,0.86982,0.87437,25701
2014.03.14,00:00,0.87422,0.87607,0.87025,0.87214,22566
2014.03.17,00:00,0.87198,0.87552,0.87130,0.87308,16663
2014.03.18,00:00,0.87302,0.87683,0.87228,0.87301,18788
2014.03.19,00:00,0.87295,0.88284,0.87271,0.88024,22031
2014.03.20,00:00,0.88040,0.88680,0.87991,0.88363,23149
2014.03.21,00:00,0.88366,0.88414,0.88142,0.88280,15896
2014.03.24,00:00,0.88176,0.88651,0.87861,0.88067,18291
2014.03.25,00:00,0.88067,0.88777,0.88002,0.88255,22901
2014.03.26,00:00,0.88251,0.88690,0.88227,0.88482,20137
2014.03.27,00:00,0.88477,0.88727,0.88397,0.88644,20409
2014.03.28,00:00,0.88643,0.88980,0.88478,0.88664,17689
2014.03.31,00:00,0.88541,0.88887,0.88235,0.88448,22770
2014.04.01,00:00,0.88450,0.88483,0.88135,0.88332,19202
2014.04.02,00:00,0.88337,0.88741,0.88179,0.88642,17864
2014.04.03,00:00,0.88648,0.89268,0.88426,0.89086,23039
2014.04.04,00:00,0.89095,0.89517,0.89034,0.89180,32764
2014.04.07,00:00,0.89213,0.89263,0.88718,0.88775,22425
2014.04.08,00:00,0.88773,0.88784,0.88248,0.88313,29503
2014.04.09,00:00,0.88309,0.88450,0.87882,0.87948,29994
2014.04.10,00:00,0.87947,0.88043,0.87505,0.87629,28493
2014.04.11,00:00,0.87641,0.87704,0.87425,0.87582,26519
2014.04.14,00:00,0.87771,0.88047,0.87632,0.87957,25674
2014.04.15,00:00,0.87958,0.88178,0.87824,0.87997,24882
2014.04.16,00:00,0.87999,0.88292,0.87802,0.88167,19705
2014.04.17,00:00,0.88164,0.88354,0.87770,0.88305,18495
2014.04.18,00:00,0.88305,0.88369,0.88225,0.88301,13146
2014.04.21,00:00,0.88293,0.88514,0.88184,0.88488,11285
2014.04.22,00:00,0.88480,0.88610,0.88320,0.88483,16603
2014.04.23,00:00,0.88486,0.88521,0.88066,0.88331,18577
2014.04.24,00:00,0.88319,0.88553,0.88125,0.88156,18787
2014.04.25,00:00,0.88156,0.88198,0.88013,0.88130,14774
2014.04.28,00:00,0.88041,0.88255,0.87696,0.88011,17398
2014.04.29,00:00,0.88007,0.88454,0.87858,0.88331,18951
2014.04.30,00:00,0.88333,0.88500,0.87906,0.88023,26228
2014.05.01,00:00,0.88026,0.88042,0.87822,0.87914,11688
2014.05.02,00:00,0.87914,0.88403,0.87720,0.87793,21997
2014.05.05,00:00,0.87711,0.87803,0.87648,0.87759,13730
2014.05.06,00:00,0.87759,0.87789,0.87200,0.87426,21582
2014.05.07,00:00,0.87418,0.87621,0.87332,0.87608,21010
2014.05.08,00:00,0.87616,0.88038,0.87025,0.88005,29253
2014.05.09,00:00,0.87998,0.88722,0.87986,0.88615,20207
2014.05.12,00:00,0.88590,0.88806,0.88577,0.88769,16148
2014.05.13,00:00,0.88768,0.89074,0.88648,0.88998,25557
2014.05.14,00:00,0.88997,0.89039,0.88823,0.88963,22875
2014.05.15,00:00,0.88971,0.89595,0.88817,0.89087,35301
2014.05.16,00:00,0.89076,0.89222,0.88974,0.89200,19895
2014.05.19,00:00,0.89187,0.89242,0.89036,0.89215,20357
2014.05.20,00:00,0.89217,0.89393,0.89129,0.89182,20046
2014.05.21,00:00,0.89186,0.89648,0.88966,0.89308,23541
2014.05.22,00:00,0.89307,0.89512,0.89230,0.89379,30152
2014.05.23,00:00,0.89393,0.89712,0.89386,0.89518,35220
2014.05.26,00:00,0.89581,0.89662,0.89391,0.89448,25643
2014.05.27,00:00,0.89457,0.89809,0.89365,0.89660,36163
2014.05.28,00:00,0.89658,0.89892,0.89632,0.89827,37804
2014.05.29,00:00,0.89820,0.89832,0.89545,0.89777,36991
2014.05.30,00:00,0.89777,0.89822,0.89322,0.89519,39770
2014.06.02,00:00,0.89424,0.89944,0.89424,0.89852,36525
2014.06.03,00:00,0.89856,0.89948,0.89500,0.89620,37184
2014.06.04,00:00,0.89617,0.89812,0.89480,0.89707,39625
2014.06.05,00:00,0.89701,0.90358,0.89073,0.89117,70656
2014.06.06,00:00,0.89117,0.89513,0.89096,0.89342,51717
2014.06.09,00:00,0.89313,0.89787,0.89186,0.89697,35779
2014.06.10,00:00,0.89697,0.90068,0.89635,0.89895,41077
2014.06.11,00:00,0.89903,0.90107,0.89792,0.89968,40537
2014.06.12,00:00,0.89985,0.90109,0.89691,0.89821,46131
2014.06.13,00:00,0.89829,0.90103,0.89591,0.89988,43714
2014.06.16,00:00,0.89963,0.90122,0.89646,0.89687,36724
2014.06.17,00:00,0.89694,0.90041,0.89638,0.89912,33114
2014.06.18,00:00,0.89918,0.89981,0.89538,0.89557,45532
2014.06.19,00:00,0.89565,0.89660,0.89097,0.89384,42519
2014.06.20,00:00,0.89365,0.89738,0.89234,0.89485,33165
2014.06.23,00:00,0.89465,0.89671,0.89392,0.89407,32986
2014.06.24,00:00,0.89412,0.89575,0.89240,0.89364,37171
2014.06.25,00:00,0.89363,0.89446,0.89071,0.89274,35670
2014.06.26,00:00,0.89258,0.89558,0.89209,0.89348,36930
2014.06.27,00:00,0.89340,0.89374,0.89051,0.89063,35701
2014.06.30,00:00,0.89064,0.89139,0.88626,0.88665,37862
2014.07.01,00:00,0.88669,0.88778,0.88555,0.88731,34457
2014.07.02,00:00,0.88740,0.88980,0.88716,0.88866,33221
2014.07.03,00:00,0.88868,0.89419,0.88862,0.89310,40208
2014.07.04,00:00,0.89308,0.89503,0.89298,0.89425,23073
2014.07.07,00:00,0.89376,0.89583,0.89288,0.89339,27280
2014.07.08,00:00,0.89341,0.89452,0.89206,0.89282,28536
2014.07.09,00:00,0.89286,0.89367,0.89043,0.89077,33638
2014.07.10,00:00,0.89055,0.89331,0.89015,0.89188,35179
2014.07.11,00:00,0.89200,0.89324,0.89113,0.89192,30912
2014.07.14,00:00,0.89196,0.89311,0.88973,0.89173,32349
2014.07.15,00:00,0.89170,0.89618,0.89103,0.89544,46912
2014.07.16,00:00,0.89545,0.89885,0.89540,0.89820,37192
2014.07.17,00:00,0.89811,0.89863,0.89681,0.89724,37394
2014.07.18,00:00,0.89716,0.90027,0.89692,0.89832,41239
2014.07.21,00:00,0.89819,0.89889,0.89704,0.89775,29654
2014.07.22,00:00,0.89777,0.90262,0.89771,0.90218,45028
2014.07.23,00:00,0.90219,0.90310,0.90151,0.90206,36341
2014.07.24,00:00,0.90196,0.90369,0.90071,0.90240,43399
2014.07.25,00:00,0.90243,0.90513,0.90169,0.90465,41991
2014.07.28,00:00,0.90445,0.90506,0.90343,0.90381,30734
2014.07.29,00:00,0.90383,0.90735,0.90358,0.90685,38648
2014.07.30,00:00,0.90674,0.91055,0.90643,0.90868,67550
2014.07.31,00:00,0.90858,0.91026,0.90753,0.90866,48485
2014.08.01,00:00,0.90867,0.90959,0.90398,0.90549,56398
2014.08.04,00:00,0.90583,0.90716,0.90498,0.90651,45855
2014.08.05,00:00,0.90652,0.91106,0.90638,0.90894,55723
2014.08.06,00:00,0.90894,0.91139,0.90695,0.90741,55662
2014.08.07,00:00,0.90748,0.91042,0.90652,0.90877,58122
2014.08.08,00:00,0.90878,0.90975,0.90318,0.90540,62503
2014.08.11,00:00,0.90486,0.90664,0.90484,0.90644,39675
2014.08.12,00:00,0.90648,0.91028,0.90636,0.90742,44483
2014.08.13,00:00,0.90746,0.90976,0.90407,0.90723,49934
2014.08.14,00:00,0.90723,0.90847,0.90340,0.90640,50219
2014.08.15,00:00,0.90643,0.90699,0.90224,0.90237,55403
2014.08.18,00:00,0.90170,0.90686,0.90170,0.90642,39739
2014.08.19,00:00,0.90634,0.90935,0.90586,0.90910,49078
2014.08.20,00:00,0.90911,0.91373,0.90890,0.91327,58352
2014.08.21,00:00,0.91315,0.91449,0.91100,0.91130,49207
2014.08.22,00:00,0.91132,0.91532,0.91025,0.91372,55799
2014.08.25,00:00,0.91698,0.91771,0.91413,0.91524,48307
2014.08.26,00:00,0.91518,0.91797,0.91369,0.91739,61746
2014.08.27,00:00,0.91731,0.91844,0.91371,0.91469,64903
2014.08.28,00:00,0.91465,0.91604,0.91251,0.91501,67063
2014.08.29,00:00,0.91511,0.91836,0.91379,0.91822,56297
2014.09.01,00:00,0.91821,0.91970,0.91761,0.91946,38040
2014.09.02,00:00,0.91941,0.92111,0.91872,0.91885,58022
2014.09.03,00:00,0.91886,0.91997,0.91746,0.91751,64638
2014.09.04,00:00,0.91745,0.93284,0.91745,0.93158,85564
2014.09.05,00:00,0.93167,0.93346,0.92844,0.93092,77107
2014.09.08,00:00,0.93100,0.93577,0.93048,0.93535,76939
2014.09.09,00:00,0.93544,0.93789,0.93138,0.93277,84891
2014.09.10,00:00,0.93258,0.93949,0.93182,0.93649,94697
2014.09.11,00:00,0.93651,0.93752,0.93357,0.93537,80126
2014.09.12,00:00,0.93558,0.93673,0.93191,0.93394,80670
2014.09.15,00:00,0.93198,0.93716,0.93182,0.93508,68299
2014.09.16,00:00,0.93505,0.93620,0.92994,0.93245,84468
2014.09.17,00:00,0.93252,0.94236,0.93209,0.94090,95848
2014.09.18,00:00,0.94097,0.94320,0.93309,0.93353,97839
2014.09.19,00:00,0.93365,0.94093,0.93332,0.94091,95392
2014.09.22,00:00,0.94055,0.94203,0.93785,0.93972,76200
2014.09.23,00:00,0.93970,0.94019,0.93522,0.93972,79808
2014.09.24,00:00,0.93976,0.94574,0.93878,0.94539,80245
2014.09.25,00:00,0.94542,0.95143,0.94512,0.94638,99664
2014.09.26,00:00,0.94642,0.95186,0.94588,0.95129,74907
2014.09.29,00:00,0.95091,0.95310,0.94876,0.95120,82057
2014.09.30,00:00,0.95123,0.95957,0.94983,0.95488,100043
2014.10.01,00:00,0.95477,0.95950,0.95442,0.95589,103901
2014.10.02,00:00,0.95589,0.95800,0.95163,0.95383,121776
2014.10.03,00:00,0.95387,0.96826,0.95309,0.96717,90497
2014.10.06,00:00,0.96754,0.96865,0.95660,0.95802,80778
2014.10.07,00:00,0.95807,0.96236,0.95545,0.95664,112506
2014.10.08,00:00,0.95653,0.96000,0.95091,0.95165,114754
2014.10.09,00:00,0.95160,0.95584,0.94683,0.95414,128714
2014.10.10,00:00,0.95422,0.95918,0.95259,0.95845,100349
2014.10.13,00:00,0.95674,0.95749,0.94697,0.94774,99079
2014.10.14,00:00,0.94791,0.95541,0.94673,0.95354,105191
2014.10.15,00:00,0.95358,0.95613,0.93592,0.93981,157819
2014.10.16,00:00,0.93996,0.94899,0.93996,0.94225,158616
2014.10.17,00:00,0.94246,0.94741,0.94045,0.94610,97013
2014.10.20,00:00,0.94589,0.94794,0.94139,0.94247,89967
2014.10.21,00:00,0.94257,0.94917,0.93968,0.94899,96501
2014.10.22,00:00,0.94892,0.95416,0.94713,0.95354,89582
2014.10.23,00:00,0.95365,0.95583,0.95167,0.95397,86346
2014.10.24,00:00,0.95402,0.95451,0.94964,0.95173,77184
2014.10.27,00:00,0.95108,0.95203,0.94758,0.94935,75470
2014.10.28,00:00,0.94943,0.95101,0.94444,0.94703,73570
2014.10.29,00:00,0.94707,0.95485,0.94407,0.95474,76916
2014.10.30,00:00,0.95470,0.96099,0.95413,0.95580,103204
2014.10.31,00:00,0.95585,0.96619,0.95553,0.96252,126345
2014.11.03,00:00,0.96399,0.96904,0.96339,0.96565,112071
2014.11.04,00:00,0.96572,0.96579,0.95790,0.95971,101364
2014.11.05,00:00,0.95976,0.96605,0.95822,0.96386,114441
2014.11.06,00:00,0.96386,0.97374,0.96022,0.97312,137200
2014.11.07,00:00,0.97314,0.97408,0.96501,0.96615,131311
2014.11.10,00:00,0.96421,0.96836,0.96155,0.96801,104496
2014.11.11,00:00,0.96798,0.96996,0.96238,0.96436,105353
2014.11.12,00:00,0.96445,0.96790,0.96213,0.96631,135315
2014.11.13,00:00,0.96626,0.96726,0.96211,0.96328,107654
2014.11.14,00:00,0.96339,0.96882,0.95725,0.95887,124997
2014.11.17,00:00,0.95874,0.96538,0.95517,0.96476,101180
2014.11.18,00:00,0.96475,0.96528,0.95734,0.95806,94867
2014.11.19,00:00,0.95817,0.95997,0.95295,0.95685,102789
2014.11.20,00:00,0.95686,0.96052,0.95519,0.95826,120193
2014.11.21,00:00,0.95819,0.97083,0.95624,0.96967,121951
2014.11.24,00:00,0.97263,0.97263,0.96619,0.96629,82719
2014.11.25,00:00,0.96636,0.96971,0.96332,0.96389,90199
2014.11.26,00:00,0.96386,0.96646,0.95940,0.96107,90647
2014.11.27,00:00,0.96104,0.96425,0.95978,0.96401,53815
2014.11.28,00:00,0.96387,0.96698,0.96204,0.96530,75817
2014.12.01,00:00,0.96558,0.96868,0.96141,0.96449,98277
2014.12.02,00:00,0.96452,0.97288,0.96404,0.97194,75946
2014.12.03,00:00,0.97204,0.97819,0.97138,0.97742,85557
2014.12.04,00:00,0.97736,0.97946,0.96484,0.97119,103304
2014.12.05,00:00,0.97120,0.97987,0.97016,0.97814,88277
2014.12.08,00:00,0.97816,0.98168,0.97369,0.97577,80046
2014.12.09,00:00,0.97592,0.97766,0.96524,0.97115,106194
2014.12.10,00:00,0.97114,0.97220,0.96617,0.96619,101681
2014.12.11,00:00,0.96625,0.97095,0.96264,0.96775,114245
2014.12.12,00:00,0.96772,0.96981,0.96178,0.96408,96700
2014.12.15,00:00,0.96244,0.96729,0.96230,0.96543,97307
2014.12.16,00:00,0.96543,0.96566,0.95521,0.95971,122738
2014.12.17,00:00,0.95980,0.97452,0.95937,0.97285,116126
2014.12.18,00:00,0.97279,0.98471,0.97207,0.97959,110901
2014.12.19,00:00,0.97972,0.98450,0.97834,0.98413,88326
2014.12.22,00:00,0.98381,0.98487,0.98040,0.98362,53374
2014.12.23,00:00,0.98364,0.98854,0.98248,0.98763,51844
2014.12.24,00:00,0.98772,0.98806,0.98390,0.98632,30112
2014.12.26,00:00,0.98339,0.98830,0.98329,0.98767,27252
2014.12.29,00:00,0.98689,0.99068,0.98422,0.98973,54896
2014.12.30,00:00,0.98961,0.99187,0.98669,0.98855,57373
2014.12.31,00:00,0.98874,0.99383,0.98784,0.99375,43339
2015.01.02,00:00,0.99345,1.00135,0.99330,1.00115,102416
2015.01.05,00:00,1.00563,1.01922,1.00321,1.00676,134545
2015.01.06,00:00,1.00673,1.01086,1.00406,1.01003,148192
2015.01.07,00:00,1.00993,1.01749,1.00938,1.01426,155808
2015.01.08,00:00,1.01416,1.02159,1.01358,1.01829,117824
2015.01.09,00:00,1.01810,1.02087,1.01373,1.01400,142114
2015.01.12,00:00,1.01316,1.01887,1.01170,1.01475,121215
2015.01.13,00:00,1.01472,1.02173,1.01254,1.01999,147814
2015.01.14,00:00,1.01996,1.02393,1.01369,1.01852,178709
2015.01.15,00:00,1.01854,1.02202,0.74012,0.83697,125880
2015.01.16,00:00,0.83888,0.88068,0.83859,0.85664,226788
2015.01.19,00:00,0.86115,0.87958,0.85385,0.87853,104654
2015.01.20,00:00,0.87913,0.88345,0.86824,0.87502,96821
2015.01.21,00:00,0.87555,0.87693,0.84979,0.85926,131091
2015.01.22,00:00,0.85976,0.87472,0.85230,0.87021,119487
2015.01.23,00:00,0.87060,0.88115,0.86770,0.87883,185288
2015.01.26,00:00,0.87912,0.90414,0.87617,0.90242,209641
2015.01.27,00:00,0.90253,0.91644,0.89334,0.90237,182867
2015.01.28,00:00,0.90237,0.90888,0.89830,0.90440,128506
2015.01.29,00:00,0.90441,0.92506,0.90427,0.92319,129079
2015.01.30,00:00,0.92315,0.92877,0.91679,0.91778,161759
2015.02.02,00:00,0.92600,0.93428,0.91992,0.92757,165315
2015.02.03,00:00,0.92757,0.92943,0.91834,0.92329,199662
2015.02.04,00:00,0.92329,0.92778,0.92049,0.92563,166945
2015.02.05,00:00,0.92573,0.93107,0.92028,0.92078,195344
2015.02.06,00:00,0.92078,0.92872,0.91732,0.92498,170782
2015.02.09,00:00,0.92599,0.92854,0.91935,0.92310,133680
2015.02.10,00:00,0.92310,0.92759,0.92120,0.92596,142701
2015.02.11,00:00,0.92596,0.92982,0.92272,0.92794,138328
2015.02.12,00:00,0.92794,0.93350,0.92548,0.93057,158160
2015.02.13,00:00,0.93061,0.93335,0.92671,0.93216,123040
2015.02.16,00:00,0.93071,0.93257,0.92808,0.93168,141578
2015.02.17,00:00,0.93165,0.93727,0.92893,0.93656,146807
2015.02.18,00:00,0.93654,0.94502,0.93130,0.94200,142185
2015.02.19,00:00,0.94198,0.94971,0.93830,0.94912,122565
2015.02.20,00:00,0.94914,0.95333,0.93727,0.94055,144257
2015.02.23,00:00,0.93989,0.95237,0.93858,0.94952,117979
2015.02.24,00:00,0.94952,0.95212,0.94666,0.95029,164114
2015.02.25,00:00,0.95025,0.95086,0.94632,0.94804,128474
2015.02.26,00:00,0.94819,0.95452,0.94481,0.95230,165892
2015.02.27,00:00,0.95250,0.95452,0.94483,0.95326,158992
2015.03.02,00:00,0.95314,0.95957,0.95294,0.95823,113546
2015.03.03,00:00,0.95807,0.96162,0.95556,0.96078,142396
2015.03.04,00:00,0.96092,0.96816,0.95905,0.96277,181927
2015.03.05,00:00,0.96297,0.97476,0.96258,0.97327,130258
2015.03.06,00:00,0.97344,0.98568,0.97196,0.98504,139791
2015.03.09,00:00,0.98692,0.98723,0.98228,0.98548,153900
2015.03.10,00:00,0.98565,0.99974,0.98503,0.99932,173157
2015.03.11,00:00,0.99928,1.01056,0.99676,1.00879,172164
2015.03.12,00:00,1.00910,1.01271,0.99794,1.00209,178389
2015.03.13,00:00,1.00211,1.01097,1.00184,1.00549,170050
2015.03.16,00:00,1.00656,1.00805,1.00211,1.00738,123079
2015.03.17,00:00,1.00731,1.00894,1.00077,1.00595,92472
2015.03.18,00:00,1.00590,1.00676,0.96248,0.97742,144178
2015.03.19,00:00,0.97738,0.99826,0.97590,0.98977,232971
2015.03.20,00:00,0.98974,0.99053,0.97288,0.97372,156621
2015.03.23,00:00,0.97480,0.98112,0.96403,0.96601,226788
2015.03.24,00:00,0.96601,0.96935,0.95353,0.95805,159671
2015.03.25,00:00,0.95805,0.96194,0.95536,0.95941,146435
2015.03.26,00:00,0.95937,0.96558,0.94900,0.96283,176317
2015.03.27,00:00,0.96280,0.96920,0.95572,0.96128,158951
2015.03.30,00:00,0.96161,0.96884,0.96037,0.96679,130316
2015.03.31,00:00,0.96675,0.97558,0.96552,0.97250,157563
2015.04.01,00:00,0.97247,0.97417,0.96437,0.96681,208476
2015.04.02,00:00,0.96681,0.96754,0.95615,0.95943,135748
2015.04.03,00:00,0.95934,0.96086,0.94796,0.95164,66184
2015.04.06,00:00,0.95081,0.96053,0.94977,0.95829,68070
2015.04.07,00:00,0.95830,0.96717,0.95562,0.96588,112659
2015.04.08,00:00,0.96588,0.96742,0.95967,0.96636,118327
2015.04.09,00:00,0.96616,0.97886,0.96583,0.97729,103527
2015.04.10,00:00,0.97728,0.98357,0.97497,0.97903,105983
2015.04.13,00:00,0.98064,0.98627,0.97588,0.97776,118918
2015.04.14,00:00,0.97772,0.97940,0.96721,0.97215,131085
2015.04.15,00:00,0.97201,0.97704,0.96344,0.96414,151120
2015.04.16,00:00,0.96402,0.97104,0.95392,0.95594,186455
2015.04.17,00:00,0.95579,0.95837,0.94938,0.95147,159630
2015.04.20,00:00,0.95030,0.95987,0.94995,0.95596,157449
2015.04.21,00:00,0.95596,0.96246,0.95047,0.95486,165322
2015.04.22,00:00,0.95485,0.97152,0.95010,0.97143,196676
2015.04.23,00:00,0.97129,0.97192,0.95298,0.95443,191880
2015.04.24,00:00,0.95442,0.95733,0.95095,0.95325,184595
2015.04.27,00:00,0.95385,0.95832,0.94919,0.95440,155531
2015.04.28,00:00,0.95492,0.95979,0.95028,0.95520,181855
2015.04.29,00:00,0.95516,0.95717,0.93396,0.93938,218424
2015.04.30,00:00,0.93938,0.94466,0.93072,0.93226,230412
2015.05.01,00:00,0.93225,0.93514,0.92763,0.93249,144531
2015.05.04,00:00,0.93346,0.93842,0.93122,0.93368,137106
2015.05.05,00:00,0.93369,0.94126,0.92378,0.92633,180117
2015.05.06,00:00,0.92632,0.92804,0.91128,0.91575,208675
2015.05.07,00:00,0.91574,0.92268,0.90711,0.92165,191695
2015.05.08,00:00,0.92165,0.93232,0.91957,0.93153,190337
2015.05.11,00:00,0.93168,0.93542,0.92964,0.93406,84088
2015.05.12,00:00,0.93406,0.93585,0.92106,0.92921,93622
2015.05.13,00:00,0.92918,0.92940,0.91534,0.91659,96116
2015.05.14,00:00,0.91659,0.91768,0.90779,0.91200,94364
2015.05.15,00:00,0.91201,0.92546,0.91141,0.91538,89579
2015.05.18,00:00,0.91428,0.92638,0.91413,0.92627,77251
2015.05.19,00:00,0.92627,0.93833,0.92455,0.93670,95447
2015.05.20,00:00,0.93671,0.94050,0.93356,0.93685,108586
2015.05.21,00:00,0.93685,0.93815,0.93058,0.93666,98649
2015.05.22,00:00,0.93662,0.94562,0.92856,0.94254,103036
2015.05.25,00:00,0.94294,0.94561,0.94045,0.94506,50345
2015.05.26,00:00,0.94494,0.95359,0.94472,0.95338,112474
2015.05.27,00:00,0.95344,0.95431,0.94664,0.94938,105999
2015.05.28,00:00,0.94938,0.95120,0.94171,0.94349,119242
2015.05.29,00:00,0.94359,0.94782,0.93484,0.94015,115676
2015.06.01,00:00,0.93981,0.94833,0.93856,0.94586,101313
2015.06.02,00:00,0.94586,0.94687,0.93082,0.93294,123416
2015.06.03,00:00,0.93292,0.94226,0.93020,0.93376,116578
2015.06.04,00:00,0.93379,0.93707,0.92772,0.93360,108632
2015.06.05,00:00,0.93354,0.95013,0.92982,0.93910,122326
2015.06.08,00:00,0.94060,0.94289,0.92554,0.92738,92489
2015.06.09,00:00,0.92738,0.93320,0.92458,0.93050,100097
2015.06.10,00:00,0.93050,0.93242,0.92326,0.93119,113641
2015.06.11,00:00,0.93119,0.94069,0.92965,0.93311,98983
2015.06.12,00:00,0.93297,0.93902,0.92405,0.92822,99120
2015.06.15,00:00,0.93001,0.93841,0.92740,0.92914,81754
2015.06.16,00:00,0.92913,0.93342,0.92712,0.93212,70063
2015.06.17,00:00,0.93207,0.93251,0.91962,0.92179,88808
2015.06.18,00:00,0.92178,0.92454,0.91501,0.92128,96997
2015.06.19,00:00,0.92125,0.92486,0.91624,0.91802,75614
2015.06.22,00:00,0.91651,0.92247,0.91563,0.92148,82518
2015.06.23,00:00,0.92152,0.93870,0.92093,0.93358,89013
2015.06.24,00:00,0.93349,0.93689,0.92803,0.93349,85685
2015.06.25,00:00,0.93349,0.94153,0.93244,0.93614,79022
2015.06.26,00:00,0.93614,0.93734,0.92995,0.93268,73966
2015.06.29,00:00,0.93826,0.94288,0.92426,0.92484,132046
2015.06.30,00:00,0.92482,0.93806,0.92464,0.93500,106709
2015.07.01,00:00,0.93500,0.94888,0.93413,0.94787,88518
2015.07.02,00:00,0.94787,0.95032,0.94180,0.94334,117658
2015.07.03,00:00,0.94334,0.94406,0.93986,0.94016,94164
2015.07.06,00:00,0.94305,0.94710,0.94074,0.94246,133408
2015.07.07,00:00,0.94239,0.95148,0.94205,0.94617,136508
2015.07.08,00:00,0.94572,0.95099,0.94078,0.94492,148819
2015.07.09,00:00,0.94525,0.95148,0.94241,0.94761,142442
2015.07.10,00:00,0.94744,0.94891,0.93292,0.93779,141244
2015.07.13,00:00,0.94122,0.95025,0.93668,0.95009,119395
2015.07.14,00:00,0.95000,0.95317,0.94021,0.94476,125717
2015.07.15,00:00,0.94476,0.95472,0.94416,0.95187,111937
2015.07.16,00:00,0.95191,0.95836,0.95142,0.95759,111386
2015.07.17,00:00,0.95765,0.96188,0.95564,0.96144,104243
2015.07.20,00:00,0.96080,0.96483,0.95994,0.96452,99621
2015.07.21,00:00,0.96452,0.96487,0.95594,0.95825,111909
2015.07.22,00:00,0.95807,0.96314,0.95604,0.95977,89577
2015.07.23,00:00,0.95973,0.96021,0.95248,0.95952,90154
2015.07.24,00:00,0.95923,0.96348,0.95729,0.96237,77171
2015.07.27,00:00,0.96138,0.96320,0.95301,0.96248,91064
2015.07.28,00:00,0.96197,0.96734,0.96039,0.96211,79628
2015.07.29,00:00,0.96207,0.96890,0.95981,0.96735,89343
2015.07.30,00:00,0.96739,0.97186,0.96672,0.96915,88123
2015.07.31,00:00,0.96912,0.96944,0.95479,0.96519,106660
2015.08.03,00:00,0.96619,0.97021,0.96425,0.96914,75555
2015.08.04,00:00,0.96886,0.97890,0.96674,0.97813,87556
2015.08.05,00:00,0.97812,0.98209,0.97589,0.97893,89276
2015.08.06,00:00,0.97886,0.98469,0.97667,0.98081,78598
2015.08.07,00:00,0.98088,0.98837,0.97895,0.98356,79884
2015.08.10,00:00,0.98164,0.98904,0.98025,0.98358,134863
2015.08.11,00:00,0.98358,0.99023,0.98011,0.98798,179091
2015.08.12,00:00,0.98799,0.98896,0.96762,0.97519,203902
2015.08.13,00:00,0.97522,0.97934,0.97291,0.97625,140909
2015.08.14,00:00,0.97625,0.97861,0.97270,0.97596,115586
2015.08.17,00:00,0.97570,0.97979,0.97413,0.97881,108901
2015.08.18,00:00,0.97879,0.97950,0.97508,0.97725,97925
2015.08.19,00:00,0.97725,0.97770,0.96430,0.96547,140673
2015.08.20,00:00,0.96547,0.96707,0.95843,0.95847,160442
2015.08.21,00:00,0.95846,0.95941,0.94583,0.94586,185867
2015.08.24,00:00,0.94572,0.94799,0.92570,0.92990,314851
2015.08.25,00:00,0.92993,0.95046,0.92977,0.93903,275182
2015.08.26,00:00,0.93889,0.95513,0.93827,0.95467,262992
2015.08.27,00:00,0.95453,0.96714,0.95115,0.96615,195569
2015.08.28,00:00,0.96616,0.96663,0.95779,0.96239,167296
2015.08.31,00:00,0.96158,0.96894,0.95863,0.96723,135663
2015.09.01,00:00,0.96720,0.96734,0.95683,0.95863,175567
2015.09.02,00:00,0.95856,0.96993,0.95746,0.96883,129349
2015.09.03,00:00,0.96879,0.97702,0.96815,0.97325,121192
2015.09.04,00:00,0.97325,0.97693,0.96824,0.97199,91040
2015.09.07,00:00,0.97142,0.97632,0.97068,0.97491,66053
2015.09.08,00:00,0.97492,0.98207,0.96987,0.97907,86196
2015.09.09,00:00,0.97907,0.98229,0.97152,0.97522,102927
2015.09.10,00:00,0.97512,0.97924,0.97006,0.97303,109238
2015.09.11,00:00,0.97303,0.97956,0.96816,0.96885,92153
2015.09.14,00:00,0.96926,0.97190,0.96665,0.96824,70464
2015.09.15,00:00,0.96814,0.97631,0.96695,0.97393,72615
2015.09.16,00:00,0.97393,0.97618,0.96686,0.97104,77957
2015.09.17,00:00,0.97103,0.97242,0.95908,0.95925,95570
2015.09.18,00:00,0.95914,0.97046,0.95268,0.96821,84268
2015.09.21,00:00,0.96778,0.97389,0.96419,0.97159,13025
2015.09.22,00:00,0.97156,0.97525,0.97074,0.97515,60574
2015.09.23,00:00,0.97514,0.98007,0.97349,0.97934,70653
2015.09.24,00:00,0.97935,0.98036,0.96667,0.97487,77895
2015.09.25,00:00,0.97481,0.98423,0.97425,0.97861,77546
2015.09.28,00:00,0.97730,0.98153,0.97213,0.97337,66248
2015.09.29,00:00,0.97337,0.97486,0.96863,0.97124,75293
2015.09.30,00:00,0.97118,0.97752,0.97042,0.97298,70496
2015.10.01,00:00,0.97300,0.97882,0.97210,0.97706,65525
2015.10.02,00:00,0.97685,0.97939,0.96442,0.97154,73220
2015.10.05,00:00,0.97064,0.97669,0.96853,0.97530,67532
2015.10.06,00:00,0.97530,0.97662,0.96638,0.96641,58069
2015.10.07,00:00,0.96641,0.97389,0.96475,0.97336,66667
2015.10.08,00:00,0.97335,0.97365,0.96219,0.96591,67579
2015.10.09,00:00,0.96562,0.96747,0.95858,0.96141,66573
2015.10.12,00:00,0.96030,0.96304,0.95944,0.96271,44572
2015.10.13,00:00,0.96270,0.96455,0.95534,0.95766,56789
2015.10.14,00:00,0.95768,0.95846,0.94832,0.94919,60124
2015.10.15,00:00,0.94915,0.95520,0.94755,0.95022,64694
2015.10.16,00:00,0.95013,0.95527,0.94964,0.95373,54124
2015.10.19,00:00,0.95325,0.95776,0.95216,0.95618,51901
2015.10.20,00:00,0.95616,0.95701,0.94930,0.95605,50711
2015.10.21,00:00,0.95601,0.96098,0.95273,0.95945,55074
2015.10.22,00:00,0.95938,0.97383,0.95793,0.97304,77259
2015.10.23,00:00,0.97306,0.97999,0.97111,0.97871,79851
2015.10.26,00:00,0.97856,0.98383,0.97563,0.98345,64994
2015.10.27,00:00,0.98344,0.98735,0.98049,0.98608,62071
2015.10.28,00:00,0.98608,0.99565,0.98190,0.99407,76133
2015.10.29,00:00,0.99400,0.99554,0.98848,0.98943,73362
2015.10.30,00:00,0.98938,0.99103,0.98449,0.98761,78728
2015.11.02,00:00,0.98558,0.98911,0.98349,0.98633,59231
2015.11.03,00:00,0.98592,0.99250,0.98443,0.99081,59219
2015.11.04,00:00,0.99086,0.99510,0.98844,0.99320,70573
2015.11.05,00:00,0.99320,0.99782,0.99210,0.99507,73961
2015.11.06,00:00,0.99504,1.00757,0.99432,1.00565,75206
2015.11.09,00:00,1.00498,1.00611,0.99969,1.00342,73181
2015.11.10,00:00,1.00340,1.00861,1.00190,1.00636,73589
2015.11.11,00:00,1.00636,1.00713,1.00282,1.00436,64550
2015.11.12,00:00,1.00431,1.00847,0.99886,0.99986,85558
2015.11.13,00:00,0.99990,1.00941,0.99982,1.00703,78858
2015.11.16,00:00,1.00615,1.01028,1.00431,1.00959,69706
2015.11.17,00:00,1.00959,1.01702,1.00916,1.01457,72730
2015.11.18,00:00,1.01457,1.02189,1.01271,1.01977,70542
2015.11.19,00:00,1.01962,1.02010,1.01213,1.01254,77493
2015.11.20,00:00,1.01254,1.01972,1.01215,1.01834,71975
2015.11.23,00:00,1.01949,1.02256,1.01746,1.01801,75755
2015.11.24,00:00,1.01802,1.01932,1.01432,1.01661,77295
2015.11.25,00:00,1.01642,1.02602,1.01430,1.02130,86580
2015.11.26,00:00,1.02078,1.02523,1.02071,1.02359,52207
2015.11.27,00:00,1.02362,1.03275,1.02251,1.02925,66888
2015.11.30,00:00,1.02978,1.03193,1.02575,1.02865,64455
2015.12.01,00:00,1.02865,1.03010,1.02537,1.02578,63904
2015.12.02,00:00,1.02547,1.03071,1.01782,1.01782,74107
2015.12.03,00:00,1.01803,1.02623,0.98741,0.99288,102851
2015.12.04,00:00,0.99262,1.00331,0.99108,0.99686,107530
2015.12.07,00:00,0.99688,1.00307,0.99604,0.99951,68269
2015.12.08,00:00,0.99963,1.00092,0.99163,0.99210,72329
2015.12.09,00:00,0.99202,0.99440,0.98191,0.98306,80892
2015.12.10,00:00,0.98272,0.99073,0.98219,0.98711,68606
2015.12.11,00:00,0.98710,0.98981,0.98023,0.98354,79036
2015.12.14,00:00,0.98335,0.98715,0.97850,0.98415,84562
2015.12.15,00:00,0.98435,0.99242,0.97976,0.99101,77772
2015.12.16,00:00,0.99102,0.99200,0.98091,0.98892,87557
2015.12.17,00:00,0.98877,0.99905,0.98754,0.99544,76003
2015.12.18,00:00,0.99535,0.99752,0.99141,0.99181,71407
2015.12.21,00:00,0.99224,0.99680,0.98966,0.99163,57908
2015.12.22,00:00,0.99149,0.99367,0.98566,0.98667,49662
2015.12.23,00:00,0.98616,0.99442,0.98592,0.99031,44085
2015.12.24,00:00,0.99026,0.99144,0.98517,0.98558,25337
2015.12.28,00:00,0.98612,0.99012,0.98541,0.98748,34128
2015.12.29,00:00,0.98741,0.99424,0.98606,0.99254,37494
2015.12.30,00:00,0.99229,0.99278,0.98559,0.98819,38684
2015.12.31,00:00,0.98806,1.00229,0.98714,1.00155,36115
2016.01.04,00:00,1.00016,1.00618,0.99227,1.00184,75115
2016.01.05,00:00,1.00184,1.01234,1.00066,1.00817,62732
2016.01.06,00:00,1.00808,1.01200,1.00563,1.00700,70283
2016.01.07,00:00,1.00698,1.00790,0.99212,0.99222,85220
2016.01.08,00:00,0.99230,1.00513,0.99230,0.99443,92972
2016.01.11,00:00,0.99475,1.00221,0.98789,1.00124,80885
2016.01.12,00:00,1.00099,1.00456,0.99655,1.00181,77359
2016.01.13,00:00,1.00133,1.01054,1.00133,1.00520,81095
2016.01.14,00:00,1.00520,1.00912,1.00085,1.00388,95642
2016.01.15,00:00,1.00399,1.00601,0.99573,1.00190,88466
2016.01.18,00:00,1.00080,1.00723,0.99990,1.00491,43964
2016.01.19,00:00,1.00494,1.00813,1.00011,1.00277,74801
2016.01.20,00:00,1.00260,1.00571,0.99899,1.00365,95154
2016.01.21,00:00,1.00362,1.01457,1.00118,1.00696,114400
2016.01.22,00:00,1.00695,1.01650,1.00650,1.01599,79000
2016.01.25,00:00,1.01481,1.01667,1.01239,1.01255,69228
2016.01.26,00:00,1.01240,1.01981,1.01167,1.01652,70616
2016.01.27,00:00,1.01635,1.01881,1.01293,1.01454,85933
2016.01.28,00:00,1.01451,1.01772,1.01083,1.01309,83441
2016.01.29,00:00,1.01306,1.02558,1.01306,1.02423,98236
2016.02.01,00:00,1.02096,1.02489,1.01549,1.01915,70712
2016.02.02,00:00,1.01905,1.02237,1.01698,1.01822,70253
2016.02.03,00:00,1.01811,1.01938,0.99871,1.00328,105783
2016.02.04,00:00,1.00326,1.00733,0.99212,0.99298,118044
2016.02.05,00:00,0.99249,0.99844,0.98811,0.99207,104522
2016.02.08,00:00,0.99099,0.99726,0.98405,0.98659,113926
2016.02.09,00:00,0.98658,0.98736,0.96943,0.97262,127111
2016.02.10,00:00,0.97260,0.98191,0.97085,0.97256,147724
2016.02.11,00:00,0.97266,0.97621,0.96604,0.97216,153187
2016.02.12,00:00,0.97211,0.97899,0.97134,0.97654,80186
2016.02.15,00:00,0.97687,0.98888,0.97622,0.98645,65351
2016.02.16,00:00,0.98640,0.98955,0.98465,0.98827,82064
2016.02.17,00:00,0.98809,0.99412,0.98525,0.99176,80889
2016.02.18,00:00,0.99173,0.99683,0.99040,0.99251,75100
2016.02.19,00:00,0.99251,0.99672,0.98880,0.99011,77658
2016.02.22,00:00,0.98841,1.00030,0.98841,0.99950,69383
2016.02.23,00:00,0.99925,1.00005,0.98949,0.99067,72440
2016.02.24,00:00,0.99060,0.99521,0.98519,0.98865,81074
2016.02.25,00:00,0.98849,0.99520,0.98772,0.98996,69273
2016.02.26,00:00,0.99002,0.99884,0.98706,0.99628,71084
2016.02.29,00:00,0.99657,1.00374,0.99485,0.99790,70246
2016.03.01,00:00,0.99785,1.00089,0.99593,0.99696,78527
2016.03.02,00:00,0.99683,1.00084,0.99545,0.99621,78808
2016.03.03,00:00,0.99598,0.99814,0.98914,0.99176,79105
2016.03.04,00:00,0.99148,0.99881,0.98781,0.99349,90458
2016.03.07,00:00,0.99229,1.00117,0.99216,0.99473,75674
2016.03.08,00:00,0.99468,0.99700,0.99011,0.99420,67227
2016.03.09,00:00,0.99412,1.00396,0.99390,0.99681,69985
2016.03.10,00:00,0.99649,1.00921,0.98094,0.98464,99506
2016.03.11,00:00,0.98458,0.98900,0.98022,0.98264,75983
2016.03.14,00:00,0.98195,0.98810,0.98156,0.98712,58921
2016.03.15,00:00,0.98699,0.98956,0.98488,0.98684,54783
2016.03.16,00:00,0.98681,0.99131,0.97494,0.97647,68531
2016.03.17,00:00,0.97640,0.97859,0.96501,0.96733,74627
2016.03.18,00:00,0.96732,0.97166,0.96537,0.96904,61135
2016.03.21,00:00,0.96947,0.97298,0.96746,0.96977,48769
2016.03.22,00:00,0.96974,0.97363,0.96879,0.97246,54934
2016.03.23,00:00,0.97241,0.97661,0.97241,0.97452,46075
2016.03.24,00:00,0.97448,0.97730,0.97366,0.97556,46547
2016.03.25,00:00,0.97547,0.97869,0.97487,0.97632,24061
2016.03.28,00:00,0.97647,0.97855,0.97223,0.97372,29346
2016.03.29,00:00,0.97340,0.97627,0.96575,0.96623,58959
2016.03.30,00:00,0.96606,0.96697,0.95924,0.96469,58391
2016.03.31,00:00,0.96470,0.96624,0.95713,0.96152,63951
2016.04.01,00:00,0.96152,0.96253,0.95522,0.95745,60270
2016.04.04,00:00,0.95706,0.96148,0.95684,0.95837,50040
2016.04.05,00:00,0.95824,0.96042,0.95463,0.95580,53968
2016.04.06,00:00,0.95575,0.96215,0.95301,0.95517,59714
2016.04.07,00:00,0.95519,0.95805,0.95214,0.95537,61316
2016.04.08,00:00,0.95530,0.95819,0.95247,0.95343,52090
2016.04.11,00:00,0.95214,0.95703,0.95022,0.95387,55239
2016.04.12,00:00,0.95387,0.95935,0.94987,0.95416,57545
2016.04.13,00:00,0.95477,0.96713,0.95466,0.96655,60758
2016.04.14,00:00,0.96648,0.96881,0.96373,0.96668,58766
2016.04.15,00:00,0.96645,0.96877,0.96479,0.96737,49564
2016.04.18,00:00,0.96426,0.96791,0.96276,0.96381,38531
2016.04.19,00:00,0.96362,0.96497,0.95844,0.96178,50456
2016.04.20,00:00,0.96168,0.97327,0.96024,0.97173,56180
2016.04.21,00:00,0.97194,0.97524,0.96473,0.97510,69222
2016.04.22,00:00,0.97479,0.97973,0.97318,0.97852,64092
2016.04.25,00:00,0.97856,0.97881,0.97359,0.97471,59973
2016.04.26,00:00,0.97471,0.97666,0.97012,0.97324,60753
2016.04.27,00:00,0.97320,0.97528,0.96794,0.97093,67856
2016.04.28,00:00,0.97039,0.97327,0.96561,0.96641,69506
2016.04.29,00:00,0.96640,0.96704,0.95672,0.95914,70811
2016.05.02,00:00,0.95725,0.96050,0.95345,0.95382,51530
2016.05.03,00:00,0.95363,0.95533,0.94439,0.95347,73198
2016.05.04,00:00,0.95306,0.95897,0.95246,0.95750,70683
2016.05.05,00:00,0.95713,0.96966,0.95680,0.96750,61377
2016.05.06,00:00,0.96747,0.97288,0.96489,0.97239,52365
2016.05.09,00:00,0.97139,0.97354,0.96837,0.97086,44463
2016.05.10,00:00,0.97089,0.97623,0.96983,0.97580,44640
2016.05.11,00:00,0.97541,0.97605,0.96984,0.97069,38487
2016.05.12,00:00,0.97070,0.97254,0.96630,0.96977,39743
2016.05.13,00:00,0.96964,0.97741,0.96962,0.97516,45091
2016.05.16,00:00,0.97434,0.97841,0.97402,0.97749,33431
2016.05.17,00:00,0.97738,0.98080,0.97509,0.98024,41226
2016.05.18,00:00,0.97992,0.98802,0.97979,0.98753,48472
2016.05.19,00:00,0.98733,0.99224,0.98625,0.99054,46447
2016.05.20,00:00,0.99052,0.99265,0.98960,0.99024,34584
2016.05.23,00:00,0.99012,0.99231,0.98830,0.98943,37959
2016.05.24,00:00,0.98915,0.99376,0.98893,0.99304,46714
2016.05.25,00:00,0.99235,0.99343,0.98963,0.99113,45671
2016.05.26,00:00,0.99113,0.99268,0.98717,0.98896,47210
2016.05.27,00:00,0.98841,0.99487,0.98841,0.99466,42603
2016.05.30,00:00,0.99417,0.99557,0.99195,0.99197,29063
2016.05.31,00:00,0.99193,0.99510,0.98862,0.99291,50757
2016.06.01,00:00,0.99297,0.99509,0.98618,0.98771,54599
2016.06.02,00:00,0.98726,0.99103,0.98583,0.98962,56603
2016.06.03,00:00,0.98958,0.99202,0.97536,0.97539,60083
2016.06.06,00:00,0.97570,0.97759,0.96816,0.97008,57902
2016.06.07,00:00,0.97009,0.97133,0.96446,0.96459,41951
2016.06.08,00:00,0.96450,0.96590,0.95811,0.95816,43870
2016.06.09,00:00,0.95826,0.96560,0.95777,0.96387,44414
2016.06.10,00:00,0.96390,0.96575,0.96164,0.96400,55972
2016.06.13,00:00,0.96308,0.96781,0.96222,0.96437,62522
2016.06.14,00:00,0.96429,0.96685,0.96207,0.96323,57140
2016.06.15,00:00,0.96324,0.96637,0.95908,0.96136,57580
2016.06.16,00:00,0.96136,0.96862,0.95714,0.96479,70868
2016.06.17,00:00,0.96464,0.96583,0.95883,0.95929,46869
2016.06.20,00:00,0.95942,0.96416,0.95753,0.96189,43178
2016.06.21,00:00,0.96111,0.96236,0.95721,0.96194,40707
2016.06.22,00:00,0.96165,0.96271,0.95505,0.95795,43357
2016.06.23,00:00,0.95788,0.96011,0.95211,0.95787,58555
2016.06.24,00:00,0.95560,0.98014,0.95517,0.97119,114392
2016.06.27,00:00,0.97393,0.98187,0.97033,0.97824,70657
2016.06.28,00:00,0.97753,0.98369,0.97630,0.98149,47727
2016.06.29,00:00,0.98117,0.98229,0.97799,0.97953,42386
2016.06.30,00:00,0.97919,0.98200,0.97277,0.97599,60656
2016.07.01,00:00,0.97596,0.97808,0.97100,0.97234,42861
2016.07.04,00:00,0.97277,0.97585,0.97015,0.97038,22541
2016.07.05,00:00,0.97041,0.97740,0.96846,0.97649,41003
2016.07.06,00:00,0.97599,0.98061,0.97396,0.97459,48841
2016.07.07,00:00,0.97459,0.97918,0.97407,0.97800,38924
2016.07.08,00:00,0.97692,0.98655,0.97596,0.98303,46736
2016.07.11,00:00,0.98107,0.98573,0.98092,0.98256,44951
2016.07.12,00:00,0.98253,0.98936,0.97952,0.98852,53337
2016.07.13,00:00,0.98838,0.98940,0.98216,0.98497,46672
2016.07.14,00:00,0.98499,0.98522,0.97641,0.97992,49678
2016.07.15,00:00,0.98007,0.98469,0.97819,0.98190,47417
2016.07.18,00:00,0.98143,0.98466,0.98104,0.98206,34381
2016.07.19,00:00,0.98205,0.98775,0.98151,0.98471,36745
2016.07.20,00:00,0.98469,0.99041,0.98469,0.98719,40403
2016.07.21,00:00,0.98590,0.99065,0.98402,0.98560,49233
2016.07.22,00:00,0.98548,0.98953,0.98431,0.98699,37909
2016.07.25,00:00,0.98673,0.98944,0.98494,0.98577,30490
2016.07.26,00:00,0.98577,0.99272,0.98345,0.99233,36982
2016.07.27,00:00,0.99236,0.99501,0.98577,0.98593,46541
2016.07.28,00:00,0.98564,0.98667,0.97935,0.98068,46065
2016.07.29,00:00,0.98069,0.98089,0.96356,0.96896,59675
2016.08.01,00:00,0.96871,0.97028,0.96636,0.96817,45541
2016.08.02,00:00,0.96860,0.96952,0.96331,0.96332,36557
2016.08.03,00:00,0.96331,0.97384,0.96331,0.97298,34705
2016.08.04,00:00,0.97281,0.97495,0.97209,0.97325,34072
2016.08.05,00:00,0.97324,0.98303,0.97264,0.98054,33642
2016.08.08,00:00,0.97892,0.98417,0.97853,0.98225,29363
2016.08.09,00:00,0.98221,0.98434,0.98047,0.98047,31128
2016.08.10,00:00,0.98077,0.98184,0.97462,0.97482,34416
2016.08.11,00:00,0.97473,0.97656,0.97111,0.97540,32000
2016.08.12,00:00,0.97515,0.97654,0.97081,0.97458,32591
2016.08.15,00:00,0.97327,0.97587,0.97129,0.97254,24225
2016.08.16,00:00,0.97282,0.97333,0.95885,0.96159,43728
2016.08.17,00:00,0.96052,0.96575,0.95966,0.96227,40722
2016.08.18,00:00,0.96181,0.96299,0.95372,0.95390,43368
2016.08.19,00:00,0.95384,0.96110,0.95375,0.95999,39565
2016.08.22,00:00,0.96077,0.96487,0.95972,0.96230,37477
2016.08.23,00:00,0.96250,0.96332,0.95933,0.96300,34684
2016.08.24,00:00,0.96300,0.96837,0.96245,0.96689,41064
2016.08.25,00:00,0.96665,0.96873,0.96410,0.96747,29782
2016.08.26,00:00,0.96740,0.97924,0.96311,0.97802,58237
2016.08.29,00:00,0.97768,0.98065,0.97646,0.97822,38221
2016.08.30,00:00,0.97789,0.98443,0.97698,0.98336,41569
2016.08.31,00:00,0.98308,0.98631,0.98174,0.98366,43267
2016.09.01,00:00,0.98349,0.98848,0.97851,0.97995,48797
2016.09.02,00:00,0.97926,0.98191,0.97386,0.98009,52878
2016.09.05,00:00,0.97948,0.98138,0.97721,0.97991,23847
2016.09.06,00:00,0.97982,0.98106,0.96931,0.96935,41539
2016.09.07,00:00,0.96872,0.97093,0.96691,0.96967,42332
2016.09.08,00:00,0.96960,0.97375,0.96491,0.97224,51588
2016.09.09,00:00,0.97212,0.97843,0.97101,0.97516,41593
2016.09.12,00:00,0.97459,0.97627,0.96907,0.97163,49823
2016.09.13,00:00,0.97154,0.97842,0.97068,0.97603,50057
2016.09.14,00:00,0.97588,0.97897,0.97061,0.97301,47319
2016.09.15,00:00,0.97254,0.97675,0.96932,0.97154,50378
2016.09.16,00:00,0.97102,0.98177,0.97099,0.98005,44253
2016.09.19,00:00,0.97945,0.98185,0.97831,0.98007,34231
2016.09.20,00:00,0.97971,0.98102,0.97618,0.97878,39993
2016.09.21,00:00,0.97879,0.98139,0.97199,0.97332,65618
2016.09.22,00:00,0.97297,0.97408,0.96596,0.96855,47153
2016.09.23,00:00,0.96838,0.97423,0.96838,0.96997,42736
2016.09.26,00:00,0.96908,0.97088,0.96609,0.96880,37780
2016.09.27,00:00,0.96873,0.97286,0.96610,0.97053,38955
2016.09.28,00:00,0.97053,0.97366,0.96912,0.96969,42185
2016.09.29,00:00,0.96976,0.97232,0.96396,0.96590,41789
2016.09.30,00:00,0.96590,0.97548,0.96475,0.97119,56111
2016.10.03,00:00,0.97082,0.97444,0.96894,0.97196,31956
2016.10.04,00:00,0.97194,0.98285,0.97160,0.97847,53047
2016.10.05,00:00,0.97845,0.97914,0.97330,0.97405,44902
2016.10.06,00:00,0.97470,0.98184,0.97359,0.98062,42474
2016.10.07,00:00,0.98063,0.98392,0.97671,0.97745,69609
2016.10.10,00:00,0.97873,0.98390,0.97692,0.98246,32616
2016.10.11,00:00,0.98218,0.98931,0.98203,0.98848,43015
2016.10.12,00:00,0.98837,0.99094,0.98739,0.99065,44367
2016.10.13,00:00,0.99042,0.99093,0.98590,0.98599,48996
2016.10.14,00:00,0.98577,0.99046,0.98556,0.99022,50672
2016.10.17,00:00,0.98988,0.99067,0.98712,0.98906,48134
2016.10.18,00:00,0.98879,0.99142,0.98662,0.98971,49758
2016.10.19,00:00,0.98971,0.99048,0.98747,0.98874,52727
2016.10.20,00:00,0.98862,0.99329,0.98423,0.99259,63678
2016.10.21,00:00,0.99259,0.99619,0.99222,0.99338,52052
2016.10.24,00:00,0.99425,0.99562,0.99154,0.99341,47789
2016.10.25,00:00,0.99341,0.99986,0.99296,0.99425,57219
2016.10.26,00:00,0.99398,0.99584,0.99029,0.99309,53683
2016.10.27,00:00,0.99318,0.99508,0.99114,0.99334,56961
2016.10.28,00:00,0.99322,0.99504,0.98579,0.98749,71909
2016.10.31,00:00,0.98685,0.99072,0.98671,0.98873,48444
2016.11.01,00:00,0.98870,0.98984,0.97280,0.97501,59939
2016.11.02,00:00,0.97499,0.97540,0.96950,0.97306,76033
2016.11.03,00:00,0.97326,0.97602,0.96951,0.97411,70061
2016.11.04,00:00,0.97411,0.97579,0.96792,0.96799,67778
2016.11.07,00:00,0.97635,0.97893,0.97299,0.97425,59127
2016.11.08,00:00,0.97426,0.97898,0.97352,0.97766,49188
2016.11.09,00:00,0.97768,0.98475,0.95495,0.98425,179648
2016.11.10,00:00,0.98426,0.98965,0.98202,0.98652,108382
2016.11.11,00:00,0.98648,0.98931,0.98317,0.98803,115143
2016.11.14,00:00,0.98889,1.00017,0.98811,0.99780,123342
2016.11.15,00:00,0.99780,1.00250,0.99287,1.00168,103728
2016.11.16,00:00,1.00172,1.00581,0.99832,1.00195,91013
2016.11.17,00:00,1.00147,1.00734,0.99940,1.00684,94101
2016.11.18,00:00,1.00678,1.01229,1.00602,1.01004,102945
2016.11.21,00:00,1.00974,1.01165,1.00746,1.00812,97910
2016.11.22,00:00,1.00819,1.01343,1.00675,1.01116,85000
2016.11.23,00:00,1.01100,1.01822,1.00916,1.01590,79435
2016.11.24,00:00,1.01595,1.01917,1.01453,1.01651,75956
2016.11.25,00:00,1.01652,1.01859,1.01048,1.01423,96504
2016.11.28,00:00,1.01147,1.01678,1.00792,1.01198,97597
2016.11.29,00:00,1.01209,1.01763,1.01103,1.01145,83956
2016.11.30,00:00,1.01146,1.02048,1.01068,1.01589,100373
2016.12.01,00:00,1.01616,1.01785,1.00994,1.01023,102060
2016.12.02,00:00,1.01022,1.01225,1.00735,1.01071,86551
2016.12.05,00:00,1.01053,1.01812,1.00501,1.00616,103545
2016.12.06,00:00,1.00569,1.01149,1.00492,1.00973,72020
2016.12.07,00:00,1.00956,1.01096,1.00657,1.00695,58568
2016.12.08,00:00,1.00628,1.01785,1.00197,1.01606,100003
2016.12.09,00:00,1.01564,1.02136,1.01532,1.01778,74357
2016.12.12,00:00,1.01813,1.01986,1.01241,1.01338,84032
2016.12.13,00:00,1.01285,1.01459,1.01002,1.01167,84090
2016.12.14,00:00,1.01167,1.02239,1.00832,1.01995,96894
2016.12.15,00:00,1.01995,1.03436,1.01949,1.02977,132166
2016.12.16,00:00,1.02979,1.03112,1.02411,1.02742,100154
2016.12.19,00:00,1.02576,1.02832,1.02211,1.02718,90580
2016.12.20,00:00,1.02713,1.03202,1.02597,1.02822,98984
2016.12.21,00:00,1.02795,1.02956,1.02265,1.02682,71656
2016.12.22,00:00,1.02684,1.02693,1.02179,1.02538,88717
2016.12.23,00:00,1.02559,1.02806,1.02428,1.02764,47896
2016.12.27,00:00,1.02671,1.02977,1.02661,1.02757,78591
2016.12.28,00:00,1.02757,1.03210,1.02644,1.02747,69996
2016.12.29,00:00,1.02745,1.02869,1.02070,1.02308,94119
2016.12.30,00:00,1.02308,1.02320,1.00523,1.01819,133351
2017.01.02,00:00,1.01899,1.02393,1.01816,1.02250,33038
2017.01.03,00:00,1.02253,1.03350,1.02106,1.02737,93276
2017.01.04,00:00,1.02757,1.02907,1.01943,1.01943,99367
2017.01.05,00:00,1.01944,1.02207,1.00867,1.00975,130761
2017.01.06,00:00,1.00978,1.01831,1.00934,1.01738,103195
2017.01.09,00:00,1.01682,1.01972,1.01413,1.01483,76638
2017.01.10,00:00,1.01524,1.01778,1.01106,1.01685,94985
2017.01.11,00:00,1.01665,1.02479,1.01010,1.01403,122496
2017.01.12,00:00,1.01389,1.01492,1.00559,1.01074,113974
2017.01.13,00:00,1.01062,1.01213,1.00413,1.00900,96800
2017.01.16,00:00,1.00938,1.01362,1.00903,1.01125,70781
2017.01.17,00:00,1.01124,1.01195,0.99959,1.00153,115527
2017.01.18,00:00,1.00154,1.00752,1.00071,1.00706,84951
2017.01.19,00:00,1.00718,1.01220,1.00414,1.00603,105615
2017.01.20,00:00,1.00605,1.00936,1.00136,1.00236,110245
2017.01.23,00:00,1.00085,1.00234,0.99600,0.99606,100940
2017.01.24,00:00,0.99607,1.00189,0.99595,1.00082,77527
2017.01.25,00:00,1.00087,1.00258,0.99659,0.99906,85221
2017.01.26,00:00,0.99948,1.00260,0.99684,0.99963,92710
2017.01.27,00:00,0.99964,1.00276,0.99695,0.99900,85125
2017.01.30,00:00,0.99642,1.00446,0.99336,0.99514,83379
2017.01.31,00:00,0.99514,0.99660,0.98613,0.98925,105719
2017.02.01,00:00,0.98925,0.99565,0.98837,0.99289,83298
2017.02.02,00:00,0.99271,0.99379,0.98695,0.99275,82406
2017.02.03,00:00,0.99262,0.99863,0.99068,0.99261,80625
2017.02.06,00:00,0.99062,0.99616,0.99038,0.99055,82439
2017.02.07,00:00,0.99054,1.00067,0.99045,0.99740,87842
2017.02.08,00:00,0.99740,0.99995,0.99299,0.99445,85767
2017.02.09,00:00,0.99445,1.00189,0.99363,1.00162,74796
2017.02.10,00:00,1.00162,1.00621,1.00087,1.00289,74667
2017.02.13,00:00,1.00234,1.00691,1.00188,1.00548,66699
2017.02.14,00:00,1.00548,1.00846,1.00309,1.00609,75196
2017.02.15,00:00,1.00608,1.01186,1.00472,1.00543,73510
2017.02.16,00:00,1.00540,1.00566,0.99665,0.99689,73218
2017.02.17,00:00,0.99677,1.00333,0.99674,1.00279,68751
2017.02.20,00:00,1.00240,1.00442,1.00116,1.00246,76620
2017.02.21,00:00,1.00256,1.01052,1.00233,1.00938,91242
2017.02.22,00:00,1.00937,1.01406,1.00775,1.01045,92819
2017.02.23,00:00,1.01055,1.01161,1.00538,1.00594,76140
2017.02.24,00:00,1.00594,1.00805,1.00253,1.00746,77860
